UNKNOWN                 
1 81011U          26143.98751543  .00002340  00000+0  12865-2 0  9991
2 81011  99.3614 164.8006 0135572  61.8318 356.6686 14.08137288  6345
UNKNOWN                 
1 81015U          26143.98857543  .00001946  00000+0  10753-2 0  9997
2 81015  99.3619 164.8009 0135545  61.9014 358.4988 14.08105755  5507
UNKNOWN                 
1 81021U          26139.97176412  .00001235  00000+0  45377-3 0  9999
2 81021  74.0405  26.7201 0025420  74.9279 285.4683 14.33564808  8627
UNKNOWN                 
1 81036U          26142.77406929 -.00000842  00000+0 -19074-2 0  9995
2 81036  66.1059 253.7429 2574879 126.3717 260.3275  9.33037480 36740
UNKNOWN                 
1 81052U          26138.31557769  .00001851  00000+0  50539-3 0  9998
2 81052  65.7728 353.1379 0557660 232.4262 122.4915 13.84785014621985
UNKNOWN                 
1 81069U          26143.47903764  .00002581  00000+0  33768-2 0  9994
2 81069 100.3836  59.5469 0069634   7.1100 353.1010 13.61656406537930
UNKNOWN                 
1 81078U          26142.61909547 -.00000910  00000+0 -25790-1 0  9995
2 81078  65.1136   4.4762 0195010 330.2528  56.9311 11.22457650512680
UNKNOWN                 
1 81111U          26143.31136069  .00008632  00000+0  15858-2 0  9994
2 81111  62.8628 226.5694 3845732   3.7040 358.5139  7.60022056284192
UNKNOWN                 
1 81123U          26142.21159623  .00000863  00000+0  84969-3 0  9994
2 81123  99.9650 237.7707 0002690  48.6286 311.5096 13.81978314628443
UNKNOWN                 
1 81134U          26143.05106124  .00000032  00000+0  92140-4 0  9996
2 81134  90.2522   7.7163 0025062 331.1006  28.8723 12.93039312483459
UNKNOWN                 
1 81219U          26140.99926597  .00000330  00000+0  29275-3 0  9993
2 81219  82.9258 246.4847 0023347 126.2327 234.0996 13.81957582629519
UNKNOWN                 
1 81228U          26141.09133019  .00004956  00000+0  14723-2 0  9993
2 81228  70.5204 278.4992 0057794 126.1493 234.5008 14.42754319649067
UNKNOWN                 
1 81254U          26130.95354165  .00002900  00000+0  18703-2 0  9991
2 81254 100.3777 218.5666 0071620  39.4514 321.1831 14.02698735633807
UNKNOWN                 
1 81279U          26140.08740018  .00000561  00000+0  22875-3 0  9996
2 81279  98.1048 191.6541 0204920 280.7724  77.0447 14.20338266485071
UNKNOWN                 
1 81301U          26139.62592957  .00000137  00000+0  20941-3 0  9998
2 81301  66.7583 278.7411 0083198 126.5334 248.8215 13.76807923628094
UNKNOWN                 
1 81311U          26140.14535296  .00000252  00000+0  61926-4 0  9998
2 81311  98.7074 209.6987 0130817   0.8287  28.9911 14.56782336662657
UNKNOWN                 
1 81317U          26143.11168598  .00000105  00000+0  27958-3 0  9994
2 81317  67.1352 181.2689 0219022 282.4983 106.3487 13.38081916610223
UNKNOWN                 
1 81323U          26142.16119365  .00009430  00000+0  11569-2 0  9993
2 81323  65.7508 297.8727 0329391 229.5496 127.6458 14.51830256136318
UNKNOWN                 
1 81329U          26143.20524821  .00001554  00000+0  54917-3 0  9996
2 81329  65.8182 120.5104 0840194 316.9346  36.8792 13.22926276599431
UNKNOWN                 
1 81343U          26142.33930655  .00004374  00000+0  29760-3 0  9992
2 81343  85.8734 113.3674 0009150  48.5837 311.6183 15.06027601478472
UNKNOWN                 
1 81359U          26141.09583656  .00000407  00000+0  44691-3 0  9999
2 81359  66.7991  30.4874 0117343 220.0174 139.2210 13.79092771627455
UNKNOWN                 
1 81366U          26143.02460243  .00001066  00000+0  39067-3 0  9991
2 81366  65.8831  50.1940 0717489   3.2863 357.2540 13.45563637 87659
UNKNOWN                 
1 81371U          26143.04938673  .00002155  00000+0  34412-3 0  9995
2 81371  98.8186 257.6053 0067945 220.6992 138.9124 14.71576353665558
UNKNOWN                 
1 81386U          26142.34043071  .00003145  00000+0  10097-2 0  9994
2 81386  71.0477   7.5657 0088419 190.2004 169.7341 14.37966874647317
UNKNOWN                 
1 81390U          26140.01967629 -.00000203  00000+0 -11522-2 0  9993
2 81390 103.1041  44.2533 0167263 228.7021 129.9531 12.35583938519643
UNKNOWN                 
1 81392U          26142.30666530  .00002246  00000+0  21029-2 0  9996
2 81392 100.4029 151.9778 0036605 351.2797  25.2344 13.82716531624361
UNKNOWN                 
1 81405U          26140.87505753  .00001124  00000+0  86403-3 0  9992
2 81405  99.4511 196.5275 0161268 157.7711 203.0541 13.89355271583899
UNKNOWN                 
1 81406U          26135.39674822  .00000942  00000+0  39158-3 0  9990
2 81406  65.8140 168.7529 0869026 252.0744  98.3764 13.12709251553841
UNKNOWN                 
1 81427U          26143.62949703  .00000387  00000+0  24868-3 0  9996
2 81427  98.7329  25.4549 0083319 302.9934  56.3247 14.07202907574538
UNKNOWN                 
1 81438U          26143.13893341  .00002082  00000+0  30322-2 0  9995
2 81438 100.3358  27.0671 0058320  38.1618 322.3625 13.55583102613808
UNKNOWN                 
1 81439U          26143.39369229 -.00000024  00000+0  75758-4 0  9996
2 81439  67.1596 189.2350 0592427 103.4265 263.3456 12.62688549282304
UNKNOWN                 
1 81449U          26135.73381134  .00311116  00000+0  54215-2 0  9994
2 81449  66.7822 250.1209 0024889 305.3844  54.4990 15.49097576656939
UNKNOWN                 
1 81478U          26142.25963941  .00002226  00000+0  79681-3 0  9997
2 81478  98.9513  63.4518 0142020 252.3899 261.3810 14.29614178645862
UNKNOWN                 
1 81488U          26143.44380236  .00000405  00000+0  63501-3 0  9991
2 81488  99.9818  23.3697 0043906 319.9078 220.9954 13.56614011618558
UNKNOWN                 
1 81497U          26139.52220550  .00002455  00000+0  21968-2 0  9994
2 81497 100.2989  54.3697 0028291 331.8132 210.3735 13.85347428238130
UNKNOWN                 
1 81499U          26142.79204833  .00001344  00000+0  36904-3 0  9998
2 81499  74.0473 280.0238 0001861  12.4779 347.6426 14.48020055505727
UNKNOWN                 
1 81535U          26143.45086794  .00000475  00000+0  20906-3 0  9996
2 81535  98.1845 217.3387 0234808  40.8105 321.0394 14.13810985410246
UNKNOWN                 
1 81536U          26143.58970066  .00000375  00000+0  25531-2 0  9992
2 81536 101.9666  11.6445 0029645 347.6724  42.0707 12.56070397572132
UNKNOWN                 
1 81537U          26143.25985889 -.00000014  00000+0  19240-4 0  9999
2 81537  71.0371 135.0528 0079420 268.7931  90.4088 14.07200155643183
UNKNOWN                 
1 81552U          26143.20491585  .00000669  00000+0  15122-2 0  9994
2 81552  99.0684  52.7151 0256932 350.7952   8.8506 13.18447020600528
UNKNOWN                 
1 81599U          26143.40852481 -.00000148  00000+0 -15027-3 0  9992
2 81599  67.2949 291.1890 0249155 327.5579  60.3038 13.31622500606606
UNKNOWN                 
1 81605U          26143.22908566  .00001038  00000+0  46894-2 0  9998
2 81605  56.4352 116.1065 0146814 359.5554   0.5220 12.81476240206908
UNKNOWN                 
1 81614U          26143.45528496  .00004506  00000+0  28332-1 0  9992
2 81614 101.8524 139.6826 0338681 195.0461 164.0324 12.38903340557991
UNKNOWN                 
1 81615U          26143.01972724  .00002298  00000+0  83938-3 0  9993
2 81615  65.8293  46.1191 0766667  60.9860 306.5804 13.34752675604385
UNKNOWN                 
1 81617U          26141.92576958  .00000277  00000+0  18960-2 0  9999
2 81617 101.2749 314.4949 0031715 276.9221  82.8248 12.57662307573241
UNKNOWN                 
1 81624U          26142.10447889  .00004068  00000+0  63118-3 0  9996
2 81624  66.9741  83.0044 0055765 101.0262 259.7139 14.73139520663315
UNKNOWN                 
1 81640U          26143.33005637  .00000134  00000+0  17341-3 0  9998
2 81640  65.8211 161.5494 0983655  11.7298 350.4913 12.57330522530393
UNKNOWN                 
1 81652U          26141.72956757  .00000326  00000+0  44367-3 0  9991
2 81652 102.1441  68.3918 0365588   1.9421  26.5480 13.44598853600151
UNKNOWN                 
1 81667U          26143.13527107  .00001578  00000+0  42397-3 0  9998
2 81667  74.0381  94.2946 0014398 341.2216  18.8410 14.48874704480013
UNKNOWN                 
1 81674U          26139.79037559  .00000447  00000+0  29638-3 0  9997
2 81674  66.8226 326.1556 0019531 113.5394 265.0161 14.10300946636005
UNKNOWN                 
1 81683U          26143.36528881  .00002323  00000+0  49532-3 0  9998
2 81683  81.2134 124.7696 0024178 157.2533 202.9741 14.58488053659416
UNKNOWN                 
1 81693U          26140.57247756  .00000589  00000+0  43297-2 0  9991
2 81693 101.1030 189.7190 0395234 143.6088 219.2543 12.26261189987239
UNKNOWN                 
1 81745U          26143.41276934  .00001455  00000+0  46651-3 0  9996
2 81745  71.0007  33.3889 0005833 307.0123  53.0479 14.41153515653036
UNKNOWN                 
1 81749U          26143.52997293  .00000087  00000+0  42200-3 0  9996
2 81749  99.6680 155.2026 0368028 215.8731 302.1126 12.77659808582669
UNKNOWN                 
1 81775U          26143.26706875  .00004264  00000+0  12654-2 0  9990
2 81775  82.9162  90.1573 0019990  93.9658 266.3822 14.43009187648555
UNKNOWN                 
1 81779U          26142.87918301  .00017409  00000+0  10163+1 0  9995
2 81779  54.5146 329.5571 1515978 189.5101 167.3562  9.35038304495375
UNKNOWN                 
1 81792U          26143.57415033 -.00000807  00000+0 -24631-3 0  9996
2 81792  65.8106  91.9926 0893273 211.0743 143.4417 13.11474204101251
UNKNOWN                 
1 81812U          26143.56672949 -.00000228  00000+0 -11023-2 0  9996
2 81812 103.7782  81.0919 0312656 332.3271  26.1447 12.38881107560590
UNKNOWN                 
1 81816U          26143.59038165  .00001158  00000+0  89697-3 0  9993
2 81816  66.2377 252.4572 0167688 153.9425 207.0213 13.89922570631831
UNKNOWN                 
1 81819U          26142.24602839  .00000346  00000+0  26415-2 0  9998
2 81819 102.1730 246.6835 0038636 173.7341 186.4216 12.47945901568031
UNKNOWN                 
1 81824U          26143.58013475  .00002559  00000+0  87977-3 0  9993
2 81824  65.8411 254.7468 0048022 257.8487 101.7225 14.37085913647830
UNKNOWN                 
1 81833U          26143.05714231  .00000146  00000+0  50321-3 0  9996
2 81833  90.2436   6.4888 0026268 327.3402  32.6092 12.93796341473379
UNKNOWN                 
1 81838U          26142.61268108  .00003014  00000+0  65097-3 0  9992
2 81838  67.7583 204.9627 0042653 221.3866 289.4859 14.59055347656784
UNKNOWN                 
1 81844U          26143.45447670  .00004691  00000+0  16143-2 0  9994
2 81844  82.9099 149.8549 0060159  19.0316 341.3101 14.34817576646066
UNKNOWN                 
1 81845U          26143.27628707  .00002025  00000+0  22191-3 0  9997
2 81845  97.6777 329.6103 0087448 132.4828  45.0965 14.86066509673509
UNKNOWN                 
1 81864U          26141.48161271  .00000475  00000+0  20558-3 0  9999
2 81864  65.6731  53.2416 0771781 304.4311  48.6080 13.32941731572122
UNKNOWN                 
1 81865U          26143.10316123  .00001115  00000+0  90457-3 0  9996
2 81865  82.8035 264.0472 0060686 263.9994 278.4800 13.88442586630938
UNKNOWN                 
1 81893U          26140.27643498  .00000654  00000+0  71142-3 0  9997
2 81893 100.0581 137.4963 0019151 217.8604 142.1198 13.77052099625893
UNKNOWN                 
1 81899U          26143.32793739  .00001993  00000+0  46345-2 0  9999
2 81899 102.4142 279.3045 0178641 229.8124 128.7227 13.20807412600313
UNKNOWN                 
1 81921U          26141.45204234  .00001883  00000+0  78135-3 0  9995
2 81921  65.7005  50.4487 0844310  45.3539 321.3245 13.15653988 46798
UNKNOWN                 
1 81946U          26128.54156664  .00000573  00000+0  20133-2 0  9999
2 81946  66.4141 230.1972 0679141 280.7336  90.6126 12.42680336566122
UNKNOWN                 
1 81947U          26142.22308982  .00005903  00000+0  56191-3 0  9999
2 81947  66.0742  79.8143 0368737  41.5352 321.3150 14.54457894654340
UNKNOWN                 
1 81964U          26143.60314492  .00000098  00000+0  12913-3 0  9998
2 81964  66.5843 216.7605 0039752 329.1298  30.7444 13.95899974636639
UNKNOWN                 
1 81969U          26143.25645463  .00008008  00000+0  43082-3 0  9999
2 81969  86.6825  83.0700 0002220 352.9037   7.2172 15.14713271464592
UNKNOWN                 
1 81995U          26143.16265469  .00001670  00000+0  33140-3 0  9994
2 81995  65.7483  60.9507 0510255 217.5876 138.8505 14.05728771626903
UNKNOWN                 
1 82043U          26142.17292987  .00000737  00000+0  21289-3 0  9998
2 82043  97.9511 282.7063 0227709 320.9233  37.5692 14.33445112596828
UNKNOWN                 
1 82051U          26140.52383729  .00003572  00000+0  11442-2 0  9998
2 82051  98.7398 233.5304 0092294 149.6226 211.0354 14.37751901595214
UNKNOWN                 
1 82073U          26143.44436870  .00002133  00000+0  54035-3 0  9990
2 82073  97.7321 209.1125 0206136 153.3033 207.8950 14.39763710598382
UNKNOWN                 
1 82139U          26142.48182927  .00001609  00000+0  81012-3 0  9999
2 82139  99.0100 217.2554 0079481 306.6241  52.7641 14.16238213502868
UNKNOWN                 
1 82162U          26143.29718074  .00002802  00000+0  41275-2 0  9995
2 82162 100.4643  82.1488 0042950 192.9054 167.0984 13.54828651526179
UNKNOWN                 
1 82164U          26136.44954926  .00001131  00000+0  33123-3 0  9992
2 82164  99.2874 352.7077 0063625  99.4002  19.5457 14.44972775100247
UNKNOWN                 
1 82180U          26142.52764458  .00007249  00000+0  95190-3 0  9993
2 82180  65.6514 191.6443 0282063 133.5047 228.9880 14.56803542625121
UNKNOWN                 
1 82189U          26142.23746337  .00000191  00000+0  75789-4 0  9998
2 82189  74.0331 114.0032 0017730 266.1750  93.7376 14.35323131655449
UNKNOWN                 
1 82199U          26142.70604623  .00000401  00000+0  33441-3 0  9994
2 82199  82.9650 112.8666 0035613 301.8755 237.2687 13.85958440631987
UNKNOWN                 
1 82205U          26140.43626813  .00001389  00000+0  39973-3 0  9997
2 82205  63.0056 154.4127 0500036 309.2671  46.5004 13.94237718630121
UNKNOWN                 
1 82223U          26143.44043826  .00001393  00000+0  76179-3 0  9992
2 82223  99.3109  40.7062 0066397 254.5043 104.8789 14.12667546471611
UNKNOWN                 
1 82250U          26143.24064111  .00002166  00000+0  11129-2 0  9992
2 82250  98.9054  53.2776 0072195  91.9503  58.7721 14.15023128639460
UNKNOWN                 
1 82272U          26138.66986662 -.00000250  00000+0 -62615-3 0  9991
2 82272  67.5239 276.5007 0755617   5.4678 355.4015 12.33684441291295
UNKNOWN                 
1 82303U          26143.47470012  .00030241  00000+0  21214-1 0  9997
2 82303  81.9098 222.3261 0089699 192.1747 185.3789 13.96143484536922
UNKNOWN                 
1 82311U          26143.57992339  .00000622  00000+0  93395-3 0  9999
2 82311  99.4155 194.9623 0107289 257.9487 100.9611 13.54755424572230
UNKNOWN                 
1 82363U          26143.59905826 -.00000351  00000+0 -45730-3 0  9994
2 82363  66.9365 207.3644 0450317  61.2620 303.2896 13.15745745311550
UNKNOWN                 
1 82369U          26142.32452173  .00000445  00000+0  33312-3 0  9997
2 82369  98.8891 157.5180 0081837 254.7381 104.4725 13.98261578579618
UNKNOWN                 
1 82381U          26143.11868677  .00017710  00000+0  18834-2 0  9993
2 82381  98.3854  21.4646 0008074 358.9341   1.1856 14.89011227534767
UNKNOWN                 
1 82402U          26139.11981023  .00003882  00000+0  26710-3 0  9991
2 82402  86.6577  87.4504 0006805 336.4826  23.6098 15.05608901478132
UNKNOWN                 
1 82432U          26142.12039156  .00000902  00000+0  19373-3 0  9997
2 82432  74.0073  34.5209 0055910 160.3164 200.0178 14.59162160506291
UNKNOWN                 
1 82448U          26143.19890896  .00005126  00000+0  35035-3 0  9994
2 82448  85.8716 112.9014 0009647  43.9785 316.2215 15.05891512461326
UNKNOWN                 
1 82453U          26142.34312557  .00000005  00000+0  37863-3 0  9991
2 82453 102.2016 103.7762 0093148 271.3234  87.7159 12.39717485565964
UNKNOWN                 
1 82458U          26142.23621186  .00002411  00000+0  10618-2 0  9996
2 82458  66.5111 124.9163 0063444 266.8576  92.5258 14.24081525632886
UNKNOWN                 
1 82484U          26143.49861568  .00000045  00000+0  12245-3 0  9994
2 82484  99.3421 161.7438 0045582 142.8692 217.5614 13.55859667612552
UNKNOWN                 
1 82494U          26143.46806353  .00011690  00000+0  11427-2 0  9991
2 82494  74.0052  57.8913 0009286 173.2598 186.8711 14.92385227109049
UNKNOWN                 
1 82500U          26142.39898781  .00002114  00000+0  95212-3 0  9992
2 82500  70.9671  23.4571 0119306 229.4191 129.6505 14.19671036641745
UNKNOWN                 
1 82524U          26141.52429987  .00002327  00000+0  72604-3 0  9996
2 82524  73.2806 234.8509 0131864 356.1899  14.2692 14.36640419599975
UNKNOWN                 
1 82529U          26142.49645381  .00001456  00000+0  22703-2 0  9992
2 82529  99.7783 225.7446 0241953 207.8820 171.5328 13.41352774611295
UNKNOWN                 
1 82560U          26142.83159642  .00000807  00000+0  68258-3 0  9990
2 82560 100.0004 102.4768 0009245 244.6075 144.5309 13.91085361634268
UNKNOWN                 
1 82597U          26131.23710598  .00000721  00000+0  26286-3 0  9995
2 82597  66.7680 114.1340 0094623 203.0983 156.5853 14.36337970650444
UNKNOWN                 
1 82617U          26142.12570258  .00000382  00000+0  10586-3 0  9994
2 82617  74.0266 302.5293 0038699 207.4130 152.4989 14.49629831660060
UNKNOWN                 
1 82627U          26141.97333052  .00000760  00000+0  19543-2 0  9997
2 82627  82.4745 134.3665 0019163  70.7181 318.2150 13.16533212599919
UNKNOWN                 
1 82642U          26143.00597785  .00000519  00000+0  30539-3 0  9996
2 82642  98.9727  57.5257 0134441 144.8107 216.2032 14.07863949638823
UNKNOWN                 
1 82683U          26141.38872361  .00000573  00000+0  23089-3 0  9998
2 82683  98.1509 203.2272 0208106 288.2573  69.6060 14.20548531484939
UNKNOWN                 
1 82693U          26142.66695372  .00001731  00000+0  20041-2 0  9997
2 82693 100.5256 126.0737 0042522 348.1501  11.8637 13.70377870575794
UNKNOWN                 
1 82698U          26143.09617785  .00001377  00000+0  81363-3 0  9993
2 82698  61.6067  78.0661 0694237 349.4521   9.2524 13.30043951559839
UNKNOWN                 
1 82708U          26142.85935399  .00000676  00000+0  27276-2 0  9995
2 82708 102.1551   6.5836 0066200 322.1421  37.5025 12.90869088544308
UNKNOWN                 
1 82729U          26142.94946510  .00001937  00000+0  64710-2 0  9990
2 82729  67.9681 227.0790 0836369 260.5876  89.9726 12.17962170554835
UNKNOWN                 
1 82739U          26143.39134117  .00001224  00000+0  10359-2 0  9992
2 82739  99.1022 299.3330 0170045 219.7572 168.7537 13.83108146628450
UNKNOWN                 
1 82741U          26143.51361117  .00002547  00000+0  27489-2 0  9992
2 82741 102.8427 236.1065 0197004 262.3938  95.4779 13.66760009619178
UNKNOWN                 
1 82783U          26142.67721284  .00000321  00000+0  91133-3 0  9995
2 82783  90.3494  43.3538 0026746  38.4110 321.8915 13.09234017525413
UNKNOWN                 
1 82798U          26138.06922110  .00001233  00000+0  53119-3 0  9995
2 82798  82.9499  66.4223 0032544  57.1113 322.0063 14.23609079334610
UNKNOWN                 
1 82820U          26141.97723113  .00001676  00000+0  58727-3 0  9998
2 82820  99.7969 329.2423 0046548 278.0910  81.4993 14.36110328648629
UNKNOWN                 
1 82854U          26139.17786391  .00001065  00000+0  81920-3 0  9994
2 82854  82.6861 301.0573 0129908 194.2704 165.4777 13.88376446629649
UNKNOWN                 
1 82873U          26143.51472621  .00001856  00000+0  80130-3 0  9996
2 82873  99.9940  64.9565 0036588 191.6049 168.4286 14.25605820644276
UNKNOWN                 
1 82875U          26142.23863079  .00000209  00000+0  67648-4 0  9998
2 82875  98.6930 126.8516 0376956 182.4211 177.5150 14.15430515567172
UNKNOWN                 
1 82893U          26143.30180256  .00005359  00000+0  19160-2 0  9991
2 82893  98.9655 268.9828 0020753 286.7439  73.1467 14.34384219447117
UNKNOWN                 
1 82912U          26143.45677273  .00000934  00000+0  41943-3 0  9998
2 82912  65.8317 161.2522 0767034 195.3798 162.2706 13.28770112600802
UNKNOWN                 
1 82961U          26143.35014316  .00005960  00000+0  94239-2 0  9993
2 82961  99.7745 294.4871 0360191 343.6291  15.3439 13.27169860577122
UNKNOWN                 
1 82965U          26125.70937530  .00000861  00000+0  12116-2 0  9997
2 82965 100.1067 214.8758 0003826 129.6972 230.4504 13.60331309544029
UNKNOWN                 
1 83903U          26142.76225117 -.00000359  00000+0  00000+0 0  9995
2 83903   5.7883 289.2603 0122422 255.4487 122.0466  0.99117880 45265
UNKNOWN                 
1 83934U          26143.08890806 -.00000006  00000+0  00000+0 0  9997
2 83934   5.4194 296.5354 0223634 275.6091  60.5804  1.02661234 46936
UNKNOWN                 
1 84006U          26135.15061409  .00000003  00000+0  00000+0 0  9992
2 84006  22.4641 146.0485 6168121 114.5640 319.8352  2.16230043 87549
UNKNOWN                 
1 84188U          26142.86869870  .00413635  00000+0  14156+0 0  9993
2 84188  65.1162 105.2308 3323631 358.8922   0.5660  8.45086904 54199
UNKNOWN                 
1 84232U          26143.38245414  .00044065  00000+0  18389-1 0  9994
2 84232  20.2597 178.9708 6499163 236.3742  44.5585  3.29060556109895
UNKNOWN                 
1 84236U          26143.46854639  .00001161  00000+0  66089-2 0  9993
2 84236   9.0817 261.9706 6894592 238.0835  37.3272  2.62840783118232
UNKNOWN                 
1 84292U          26141.43509367  .00001182  00000+0  77331-3 0  9991
2 84292  23.8686 299.1505 4545343 264.7789  43.6444  6.22645147238018
UNKNOWN                 
1 84406U          26144.21414823  .00000268  00000+0  16287-2 0  9995
2 84406 101.7309 295.5338 0046700  83.7482  90.8051 12.67571040 69875
UNKNOWN                 
1 84407U          26142.20840770 -.00000273  00000+0 -96052-2 0  9993
2 84407  19.3108 275.1413 7232728 148.6474 289.0268  2.05837246 79171
UNKNOWN                 
1 84575U          26140.54183401 -.00000050  00000+0  20921-2 0  9999
2 84575  18.1332 104.4722 7129854 120.7457 327.3564  2.19856161 68958
UNKNOWN                 
1 84932U          26143.61315257  .00000120  00000+0  18642-2 0  9997
2 84932   2.0393 148.7338 6569691 238.3853 250.2980  3.00211465136641
UNKNOWN                 
1 85004U          26143.40179918  .00000719  00000+0  23190-3 0  9996
2 85004  98.4420 117.3126 0047679  37.6944 116.1752 14.41495292654181
UNKNOWN                 
1 85010U          26141.58940360  .00000680  00000+0  75070-3 0  9998
2 85010  99.2385   3.5809 0024414 190.4098 196.8169 13.75409525625894
UNKNOWN                 
1 85015U          26143.55917338  .00000311  00000+0  67394-4 0  9993
2 85015  74.0498  88.4934 0015782 308.7261  51.2495 14.62489882666263
UNKNOWN                 
1 85023U          26143.09656036  .00020357  00000+0  24515-2 0  9994
2 85023  99.8345 199.5590 0004521 154.8897 235.6807 14.83918885652694
UNKNOWN                 
1 85027U          26143.06378192  .00000090  00000+0  16112-3 0  9996
2 85027  66.0423  66.4537 0166497 102.5825 259.3916 13.74314442626789
UNKNOWN                 
1 85047U          26141.46847319  .00008379  00000+0  12932-1 0  9994
2 85047 102.1667 145.6778 0129667  34.3239 326.6180 13.48272511598150
UNKNOWN                 
1 85061U          26143.45664565  .00003138  00000+0  12556-1 0  9991
2 85061 102.4048 147.2651 0254531 230.0746 297.0287 12.78185464576435
UNKNOWN                 
1 85100U          26139.67722176  .00000176  00000+0  63024-4 0  9995
2 85100  74.0448 290.7622 0011717 122.0910 253.1451 14.40842941656097
UNKNOWN                 
1 85106U          26143.05985227  .00000433  00000+0  52098-3 0  9990
2 85106 100.0609 256.8865 0008757 324.3159 214.6219 13.73122498625202
UNKNOWN                 
1 85151U          26143.60698580  .00014475  00000+0  16588-2 0  9998
2 85151  98.3946  20.7256 0008104 358.6415   1.4775 14.86015910503511
UNKNOWN                 
1 85210U          26142.21449413  .00000778  00000+0  77712-3 0  9997
2 85210  99.8716 292.6989 0214163 263.3510 275.2041 13.71751127624154
UNKNOWN                 
1 85217U          26143.19493697  .00000851  00000+0  23264-3 0  9990
2 85217  98.0235 232.0511 0205420   0.5131 359.6231 14.38015101651059
UNKNOWN                 
1 85237U          26133.36757726  .00002704  00000+0  54141-3 0  9993
2 85237  65.5306 176.2991 0519400 318.8845  37.4151 14.02704030629608
UNKNOWN                 
1 85238U          26142.56395481  .00000028  00000+0  58028-4 0  9998
2 85238  99.0729  72.2468 0064105 125.2905  52.7153 13.88371715633158
UNKNOWN                 
1 85246U          26142.21901556  .00000620  00000+0  23325-3 0  9994
2 85246  97.9921 135.7835 0221519 190.0726 169.5978 14.22004116645877
UNKNOWN                 
1 85373U          26141.03198126  .00001559  00000+0  10694-2 0  9991
2 85373 100.4203 204.2253 0051564 177.9959 300.8313 14.00778592634424
UNKNOWN                 
1 85422U          26137.41272756  .00001653  00000+0  83451-3 0  9992
2 85422  98.8428 189.3876 0008568  68.5268 291.6820 14.17632266    13
UNKNOWN                 
1 85424U          26132.38933462  .02751464  19596-5  13996-2 0  9999
2 85424  97.4738 243.3937 0456111 209.2444 148.2556 15.31473718  1188
UNKNOWN                 
1 85431U          26117.30069444 -.00000020  00000+0  00000+0 0  9999
2 85431  54.9033 209.3556 1645252 271.1559 152.0193  2.51857907    18
UNKNOWN                 
1 85434U          26127.14583333  .00000007  00000+0  00000+0 0  9997
2 85434  54.9920 209.4130 0002620 267.5690 175.2310  2.00599881    11
UNKNOWN                 
1 87014U          26140.42394775  .00001606  00000+0  24809-2 0  9991
2 87014 100.4747 118.5130 0043062 212.7113 299.7965 13.52661881612362
UNKNOWN                 
1 87029U          26139.37471868  .00000949  00000+0  59852-3 0  9994
2 87029  98.7363 173.9542 0082723 166.7972 193.5388 14.04845848615134
UNKNOWN                 
1 87042U          26143.57276403  .00000329  00000+0  21877-3 0  9992
2 87042  98.6916 185.8226 0042774   0.8298 359.2936 14.07381634576726
UNKNOWN                 
1 87051U          26143.25519526  .00000586  00000+0  23402-3 0  9994
2 87051  65.7287 229.1142 0708019  67.1589 300.2619 13.46560183610320
UNKNOWN                 
1 87054U          26140.51701666  .00001136  00000+0  65306-3 0  9992
2 87054 100.0858  44.4428 0010906 284.7069  75.2889 14.11761944638729
UNKNOWN                 
1 87071U          26140.32548499  .00002233  00000+0  82245-3 0  9993
2 87071  61.2177 159.9006 0474528 317.1895  39.3070 13.86998843624477
UNKNOWN                 
1 87129U          26139.21164705  .00000107  00000+0  11009-2 0  9994
2 87129 102.2580 237.0287 0036768 153.3129 206.9837 12.42889301566235
UNKNOWN                 
1 87159U          26143.25549425  .00001009  00000+0  11627-2 0  9990
2 87159  90.3511  75.2295 0104051 135.4305 225.5282 13.66476782578740
UNKNOWN                 
1 87163U          26142.52348931  .00001132  00000+0  34619-3 0  9997
2 87163  65.5967 199.3430 0650619 353.0356   6.1973 13.64891022599450
UNKNOWN                 
1 87164U          26143.50287292  .00001993  00000+0  40344-3 0  9996
2 87164  65.2023 217.2451 0112937 342.7411  16.9861 14.59956518659377
UNKNOWN                 
1 87204U          26141.55088265  .00001241  00000+0  49208-3 0  9997
2 87204  98.5242   4.1513 0043855 213.0120 146.8323 14.30078261648277
UNKNOWN                 
1 87211U          26141.30842097  .00002007  00000+0  54866-3 0  9996
2 87211  99.0822 157.7452 0053322  45.9826 329.9310 14.47658475730852
UNKNOWN                 
1 87214U          26143.50723346  .00000607  00000+0  57719-3 0  9992
2 87214 100.3242 163.1155 0069249 196.0101 163.8861 13.84495576622629
UNKNOWN                 
1 87237U          26143.13083288  .00000210  00000+0  19161-3 0  9999
2 87237  99.2314 203.0830 0103011 207.0314 181.5229 13.91899912634212
UNKNOWN                 
1 87239U          26142.87837412  .00007281  00000+0  16798-2 0  9994
2 87239  82.8719 305.6253 0018030 243.8677 116.0669 14.55086285651284
UNKNOWN                 
1 87245U          26143.51783399  .00003327  00000+0  68479-3 0  9998
2 87245  65.6405 334.5593 0426416  40.2010 349.9199 14.17501098637125
UNKNOWN                 
1 87271U          26143.13944975  .00005715  00000+0  98643-3 0  9993
2 87271  65.7518 161.5390 0423779 348.8230  10.3658 14.24004460635332
UNKNOWN                 
1 87280U          26143.55125324  .00000366  00000+0  68727-3 0  9995
2 87280  64.6148 195.1210 0124658 228.4522 130.5774 13.48711063555675
UNKNOWN                 
1 87293U          26143.51767888  .00002319  00000+0  44699-3 0  9994
2 87293  65.8967  74.2940 0428206 272.7982  82.4183 14.20361857636959
UNKNOWN                 
1 87300U          26140.47723370  .00000623  00000+0  45847-3 0  9995
2 87300 100.0935 144.1089 0023965 222.2237 137.7079 13.99968214635325
UNKNOWN                 
1 87304U          26139.32272897  .00000709  00000+0  10766-3 0  9991
2 87304  74.0185  12.2959 0018297 298.5939  61.3393 14.76044644669724
UNKNOWN                 
1 87320U          26143.16884504  .00000870  00000+0  56020-3 0  9992
2 87320  66.5940  58.9586 0425468 311.7764  44.7660 13.70669091615866
UNKNOWN                 
1 87334U          26143.63671378  .00012306  00000+0  64357-2 0  9990
2 87334  89.9962 271.7439 0068656  97.6768 263.2222 14.13063919409466
UNKNOWN                 
1 87335U          26143.33244545  .00013104  00000+0  67392-2 0  9999
2 87335  89.9805 267.8191 0082354  76.8621 284.1739 14.13426503409751
UNKNOWN                 
1 87405U          26140.17405041  .00000388  00000+0  26390-3 0  9990
2 87405  82.7496 295.0656 0057948 233.6682 125.9129 13.96990669633276
UNKNOWN                 
1 87426U          26143.33242887  .00003059  00000+0  11632-2 0  9991
2 87426  65.7825 255.8019 0065134 219.5964 174.6984 14.31213322645700
UNKNOWN                 
1 87448U          26142.57456868  .00001040  00000+0  85688-3 0  9997
2 87448 100.4446  13.9617 0062530 145.3829 215.1420 13.91072379631598
UNKNOWN                 
1 87456U          26143.36830428  .00001848  00000+0  27264-3 0  9994
2 87456  65.7702  20.7877 0510930 282.6521  71.7916 14.16027346634361
UNKNOWN                 
1 87517U          26143.42647145  .00002519  00000+0  70750-3 0  9995
2 87517  65.8227 198.3872 0670457 229.4075 149.2668 13.62523759614938
UNKNOWN                 
1 87541U          26138.08184404  .00000122  00000+0  31990-3 0  9993
2 87541  99.6868 349.0542 0058949 243.8583 270.8100 13.35642248602901
UNKNOWN                 
1 87553U          26143.21561684  .00002543  00000+0  82755-3 0  9990
2 87553  65.6693 324.8158 0684048 155.4913 208.0349 13.54391906613113
UNKNOWN                 
1 87557U          26142.38587790  .00003400  00000+0  73387-2 0  9990
2 87557 101.8095  24.5502 0083923  24.9677 335.5463 13.29202060586368
UNKNOWN                 
1 87561U          26142.90663027 -.00000157  00000+0 -88927-3 0  9996
2 87561 101.9847 200.8221 0173274 358.1898 185.8968 12.32153976562287
UNKNOWN                 
1 87565U          26140.47402652  .00000762  00000+0  42994-3 0  9999
2 87565  99.9488 152.7380 0172829 101.0491 261.0165 14.06407497638742
UNKNOWN                 
1 87569U          26143.33238109 -.00000041  00000+0  40855-4 0  9991
2 87569 101.9963 331.9455 0055243 296.5310 244.4918 12.68546977578952
UNKNOWN                 
1 87587U          26142.32974627  .00000092  00000+0  37481-4 0  9997
2 87587  74.0227 165.9060 0019983 166.8414 193.3266 14.40147184656928
UNKNOWN                 
1 87616U          26142.55106661 -.00000299  00000+0 -82867-3 0  9998
2 87616  66.0347 192.3079 0623402  69.7205  75.1817 12.47020375556289
UNKNOWN                 
1 87624U          26143.59865492  .00003304  00000+0  49900-3 0  9995
2 87624  98.6967  96.7765 0096320 101.2776 259.9272 14.71946516604075
UNKNOWN                 
1 87650U          26143.32948663  .00006796  00000+0  12602-2 0  9993
2 87650 100.2646   3.0214 0029490 162.6048 197.6165 14.65424826103403
UNKNOWN                 
1 87672U          26142.65316496  .00001334  00000+0  54233-3 0  9995
2 87672  70.8573  18.7944 0055795  26.2112 334.1821 14.28577255647432
UNKNOWN                 
1 87681U          26142.24003681  .00000628  00000+0  71904-3 0  9998
2 87681  66.7365  78.4004 0148971  51.9159 309.5238 13.71453422623843
UNKNOWN                 
1 87690U          26143.12092304  .00001472  00000+0  22024-3 0  9993
2 87690  65.7904 293.6621 0584504 325.1877  31.2222 14.02400848629999
UNKNOWN                 
1 87706U          26142.51422919  .00002579  00000+0  44651-3 0  9991
2 87706  98.6733 339.9220 0103802 128.3361 261.6867 14.65787293602064
UNKNOWN                 
1 87725U          26142.63122287  .00119131  00000+0  50705-2 0  9999
2 87725  82.8592 106.3030 0009751 140.7042 219.4905 15.22436578658189
UNKNOWN                 
1 87730U          26139.18796860  .00000053  00000+0  40707-4 0  9990
2 87730  82.9425 117.6248 0028489 286.1335  73.6685 13.74532234606961
UNKNOWN                 
1 87737U          26142.38740845  .00000008  00000+0  51701-4 0  9991
2 87737  99.3533  15.5269 0133802 130.4820 230.8081 13.72367602625898
UNKNOWN                 
1 87764U          26141.82412907  .00010657  00000+0  16568-2 0  9995
2 87764  65.6714  80.7496 0362061 353.5321  34.5303 14.37755866642111
UNKNOWN                 
1 87771U          26142.27654662  .00000044  00000+0  22088-3 0  9993
2 87771 100.7361 346.8865 0119722 358.8476   1.2346 13.19561041556264
UNKNOWN                 
1 87782U          26142.18736844  .00002118  00000+0  70572-2 0  9992
2 87782 102.3935  40.4594 0038267 280.2725  79.4058 13.01354711588858
UNKNOWN                 
1 87843U          26138.57419809  .00000775  00000+0  18472-2 0  9995
2 87843  99.6591 244.5495 0229439 357.9501   2.0656 13.17121861584808
UNKNOWN                 
1 87845U          26142.01175521  .00001375  00000+0  26040-2 0  9998
2 87845  98.8727  73.2815 0574469 244.6387 109.4183 12.89679515585861
UNKNOWN                 
1 87878U          26140.60063937  .00001671  00000+0  52151-3 0  9996
2 87878  99.1714 276.4945 0036099 157.5429 202.7348 14.41912577634187
UNKNOWN                 
1 87884U          26143.53771852  .00000023  00000+0  36137-4 0  9997
2 87884  98.7383 246.7228 0153142 333.3650  25.9710 14.06094766641104
UNKNOWN                 
1 87934U          26140.36350478  .00000051  00000+0  39020-4 0  9993
2 87934  82.9384 182.4855 0032016 316.8109  59.0717 13.73133924626087
UNKNOWN                 
1 87991U          26143.59451106 -.00004195  00000+0 -88999-2 0  9996
2 87991  28.6215 299.8712 0877016  62.1939 306.4699 12.35256043543029
UNKNOWN                 
1 89003U          26143.10708127  .00000191  00000+0  74172-4 0  9997
2 89003  74.0467  78.4219 0015012  98.6845 261.6009 14.36309053654711
UNKNOWN                 
1 89005U          26143.23239187  .00001555  00000+0  35734-3 0  9993
2 89005  97.8440 325.4336 0187689 253.9180 104.1277 14.46585775557437
UNKNOWN                 
1 89029U          26143.01607508  .00003876  00000+0  34574-3 0  9990
2 89029  98.0388  51.5153 0022667 146.7971 213.4677 14.96408228675185
UNKNOWN                 
1 89101U          26139.60594071 -.00000029  00000+0  40009-4 0  9990
2 89101 100.4775  76.4103 0147673 115.9660 245.6743 13.04046819575422
UNKNOWN                 
1 89132U          26139.25049905  .00000559  00000+0  77811-3 0  9993
2 89132  63.4140 227.1229 2923953 319.6966  21.9642  8.88088910339099
UNKNOWN                 
1 89146U          26143.09054702  .00002004  00000+0  36598-3 0  9990
2 89146  98.2573  77.0893 0089329 270.0586  89.0381 14.64559798652489
UNKNOWN                 
1 89177U          26139.27625297  .00000049  00000+0  35661-4 0  9990
2 89177  82.9196 152.3367 0033858  65.5704 294.8977 13.73752549 84453
UNKNOWN                 
1 89183U          26141.57882635  .00000395  00000+0  38231-3 0  9993
2 89183  99.2159  54.0109 0131529  90.9024 270.7202 13.81780293629043
UNKNOWN                 
1 89184U          26143.11112962  .00017481  00000+0  18240-2 0  9996
2 89184  98.3783  21.4287 0008323 345.9964  14.1020 14.89783916516130
UNKNOWN                 
1 89213U          26143.39224059  .00000225  00000+0  16818-3 0  9998
2 89213  98.7604  12.9207 0228486  42.7695 319.0996 13.91768385475153
UNKNOWN                 
1 89251U          26143.42953331  .00003456  00000+0  22050-2 0  9999
2 89251  62.4720 151.2957 2803181 115.8397 275.7022  9.28579117388176
UNKNOWN                 
1 89261U          26129.69777097  .00000568  00000+0  18026-3 0  9996
2 89261  98.1640 122.9130 0014292  71.7394 288.5351 14.43433511555155
UNKNOWN                 
1 89304U          26143.26876522  .00050991  00000+0  31530-1 0  9994
2 89304  84.1749  59.7193 2878639 134.5689 357.6877  9.15082596453091
UNKNOWN                 
1 89349U          26143.39194042  .00000495  00000+0  17041-2 0  9993
2 89349  90.2495  11.0199 0028543 198.6073 161.4005 12.96318110499697
UNKNOWN                 
1 89379U          26142.34619730  .00004306  00000+0  54211-2 0  9991
2 89379 100.4706 174.6866 0049955  94.8705 265.8141 13.64027873602667
UNKNOWN                 
1 89395U          26141.35938905  .00000321  00000+0  41029-2 0  9993
2 89395 102.3869 105.8325 0221902 213.8521 305.3084 12.01548929543913
UNKNOWN                 
1 89403U          26138.11743115 -.00000675  00000+0 -23029-2 0  9994
2 89403  90.2511   9.3940 0024357 167.7310 345.8153 12.98901475498124
UNKNOWN                 
1 89484U          26143.26411538  .00150931  00000+0  33380-1 0  9995
2 89484  83.8086 105.4309 2753330 164.9699 205.3541  9.59955348370509
UNKNOWN                 
1 89493U          26143.16816565  .00001629  00000+0  80639-3 0  9993
2 89493  99.0131 219.2394 0078375 301.4169  57.9358 14.17160931486808
UNKNOWN                 
1 89494U          26142.66531706  .00001584  00000+0  78572-3 0  9992
2 89494  99.0129 218.5913 0079051 303.0916  56.2686 14.17092045486586
