STARLINK-36818          
1 67879U 26035A   26082.29339764  .00341550  00000+0  21802-2 0  9996
2 67879  97.2852  15.3436 0000727  93.8918 266.2431 15.75402689  5981
STARLINK-36821          
1 67880U 26035B   26082.29057696  .00400863  00000+0  25378-2 0  9994
2 67880  97.2855  15.3479 0001794  43.2989 316.8418 15.75430336  5982
STARLINK-36808          
1 67881U 26035C   26082.26049197  .00311434  00000+0  15649-2 0  9994
2 67881  97.2867  15.3867 0001409  69.1785 290.9634 15.80877543  5984
STARLINK-36817          
1 67882U 26035D   26082.25001157  .00092853  00000+0  61890-3 0  9999
2 67882  97.2848  15.3501 0001548  88.8642 149.4204 15.75105296  5943
STARLINK-36856          
1 67883U 26035E   26082.08375335  .00354658  00000+0  22665-2 0  9993
2 67883  97.2861  15.1683 0003132 114.8461 245.3130 15.75339155  5956
STARLINK-36842          
1 67884U 26035F   26082.28775308  .00561176  00000+0  34779-2 0  9994
2 67884  97.2859  15.3494 0000944  72.3582 287.7787 15.75477399  5980
STARLINK-36826          
1 67885U 26035G   26082.08834140  .00452493  00000+0  28424-2 0  9994
2 67885  97.2841  15.1599 0002739  91.0426 269.1153 15.75468413  5950
STARLINK-36390          
1 67886U 26035H   26082.28563429  .00525266  00000+0  32687-2 0  9991
2 67886  97.2839  15.3508 0002306  19.7749 340.3605 15.75484582  5987
STARLINK-36368          
1 67887U 26035J   26082.25001157  .00175137  00000+0  11587-2 0  9998
2 67887  97.2853  15.3708 0001283  76.0684 212.2696 15.75038362  5947
STARLINK-36801          
1 67888U 26035K   26082.25001157 -.00060616  00000+0 -40856-3 0  9998
2 67888  97.2853  15.3646 0001584 124.1992 150.0988 15.75180434  5941
STARLINK-36372          
1 67889U 26035L   26082.26868952  .00420938  00000+0  26733-2 0  9996
2 67889  97.2848  15.3727 0000555 298.4162  61.7047 15.75299854  5982
STARLINK-36363          
1 67890U 26035M   26081.77387891  .00068416  00000+0  45607-3 0  9992
2 67890  97.2851  14.8224 0002372   2.0898 358.0377 15.75178820  5907
STARLINK-36816          
1 67891U 26035N   26082.25001157 -.01857902  00000+0 -16040-1 0  9991
2 67891  97.2853  15.4017 0001454 110.5342 258.5086 15.72454228  5835
STARLINK-36813          
1 67892U 26035P   26082.05780300  .00557270  00000+0  26973-2 0  9993
2 67892  97.2890  15.1962 0002783 110.3932 249.7635 15.81068003  5959
STARLINK-36803          
1 67893U 26035Q   26082.06231202  .00405882  00000+0  20068-2 0  9997
2 67893  97.2860  15.1933 0003153 111.2904 248.8701 15.80988206  5955
STARLINK-36846          
1 67894U 26035R   26081.77567518  .00268102  00000+0  17347-2 0  9995
2 67894  97.2862  14.8185 0002087 105.6302 254.5194 15.75293294  5902
STARLINK-36866          
1 67895U 26035S   26081.76790633  .00265814  00000+0  17201-2 0  9997
2 67895  97.2861  14.8282 0001901 121.1706 238.9746 15.75297627  5908
STARLINK-36877          
1 67896U 26035T   26082.18837178 -.00798571  00000+0 -48286-2 0  9991
2 67896  97.2885  15.3286 0002466  62.6728 297.4790 15.79573751  5970
STARLINK-36870          
1 67897U 26035U   26082.25001157  .00023849  00000+0  16080-3 0  9995
2 67897  97.2859  15.3793 0001530 113.2927 205.0089 15.75119011  5944
STARLINK-36810          
1 67898U 26035V   26082.26657799  .00328776  00000+0  21172-2 0  9990
2 67898  97.2855  15.3728 0000925  50.3636 309.7711 15.75234393  5983
STARLINK-36878          
1 67899U 26035W   26082.05705341  .00500580  00000+0  24451-2 0  9993
2 67899  97.2888  15.1985 0002210 104.2250 255.9264 15.81013250  5959
STARLINK-36361          
1 67900U 26035X   26082.05629860  .00544960  00000+0  26467-2 0  9996
2 67900  97.2879  15.2000 0003553 115.6616 244.5019 15.81024448  5957
STARLINK-36336          
1 67901U 26035Y   26082.26057406  .00423037  00000+0  26876-2 0  9996
2 67901  97.2851  15.3828 0000294 340.8150  19.3104 15.75284975  5983
STARLINK-36876          
1 67902U 26035Z   26082.25001157  .00077836  00000+0  51875-3 0  9998
2 67902  97.2853  15.4037 0001224 100.6064 269.6226 15.75155396  5944
STARLINK-36257          
1 67903U 26035AA  26081.76931826  .00264511  00000+0  17124-2 0  9995
2 67903  97.2873  14.8277 0001360 101.7871 258.3547 15.75291798  5909
STARLINK-36814          
1 67904U 26036A   26081.61454414  .00092713  00000+0  15665-2 0  9995
2 67904  43.0003 173.6060 0001813 246.0294 114.0377 15.50597032  5680
STARLINK-36729          
1 67905U 26036B   26082.25001157 -.01918016  00000+0 -47603-1 0  9991
2 67905  42.9999 169.3046 0001171 290.2327 258.2351 15.42919725  5821
STARLINK-36763          
1 67906U 26036C   26082.25001157 -.01922116  00000+0 -50168-1 0  9998
2 67906  42.9999 169.2567 0001105 273.8676 293.6762 15.41439375  5826
STARLINK-36742          
1 67907U 26036D   26082.25001157 -.01933393  00000+0 -45340-1 0  9994
2 67907  42.9984 169.2575 0000980 283.2007 284.3516 15.44605195  5825
STARLINK-36827          
1 67908U 26036E   26082.25001157 -.01843824  00000+0 -51540-1 0  9993
2 67908  42.9991 169.0422 0001164 260.6931  33.8972 15.39244601  5821
STARLINK-36822          
1 67909U 26036F   26080.65997157  .00089964  00000+0  15160-2 0  9993
2 67909  42.9968 178.4570 0000179  89.2305 270.8576 15.50685632  5547
STARLINK-36847          
1 67910U 26036G   26081.56519972  .00085529  00000+0  14483-2 0  9991
2 67910  43.0008 173.2112 0000925 249.3874 110.6887 15.50570646  5689
STARLINK-36736          
1 67911U 26036H   26082.25001157 -.01842598  00000+0 -55944-1 0  9996
2 67911  42.9994 168.8456 0001620 258.4124 115.2396 15.36724922  5829
STARLINK-36676          
1 67912U 26036J   26082.25001157 -.01902425  00000+0 -50159-1 0  9996
2 67912  42.9991 168.8689 0001403 261.5307 102.9201 15.41100718  5827
STARLINK-36690          
1 67913U 26036K   26082.25001157 -.01907523  00000+0 -48674-1 0  9990
2 67913  42.9986 168.8365 0001773 263.1478 114.2374 15.42077646  5821
STARLINK-36724          
1 67914U 26036L   26082.25001157 -.01883309  00000+0 -44775-1 0  9994
2 67914  42.9992 168.7582 0001894 268.4187 141.1182 15.44111254  5820
STARLINK-36723          
1 67915U 26036M   26082.25001157 -.01901591  00000+0 -51689-1 0  9991
2 67915  43.0003 168.7476 0001406 270.0478 143.0891 15.40188661  5829
STARLINK-36721          
1 67916U 26036N   26082.25001157 -.01814127  00000+0 -51067-1 0  9990
2 67916  42.9993 168.7521 0001577 268.7458 142.8151 15.38975283  5825
STARLINK-36722          
1 67917U 26036P   26082.25001157 -.01856447  00000+0 -50969-1 0  9992
2 67917  42.9997 168.5127 0001239 291.5738 216.6160 15.39807659  5822
STARLINK-36341          
1 67918U 26036Q   26082.23443953 -.00375670  00000+0 -71811-2 0  9998
2 67918  42.9973 169.6435 0001006 196.8177 163.2649 15.48668556  5782
STARLINK-36663          
1 67919U 26036R   26082.25001157 -.01835931  00000+0 -52812-1 0  9998
2 67919  42.9996 168.7270 0001527 266.8676 154.5284 15.38360310  5824
STARLINK-36375          
1 67920U 26036S   26082.25001157 -.01807855  00000+0 -57082-1 0  9998
2 67920  42.9990 169.1779 0001104 274.5424 323.1209 15.35457492  5823
STARLINK-36405          
1 67921U 26036T   26082.23143198 -.00025892  00000+0 -43800-3 0  9996
2 67921  42.9984 169.6183 0001983 205.9284 154.1477 15.50511356  5789
STARLINK-36383          
1 67922U 26036U   26081.51440647  .00439300  00000+0  19696-2 0  9992
2 67922  43.0001 171.0204 0002035 335.9488  24.1289 15.82180474  5709
STARLINK-36406          
1 67923U 26036V   26081.67176500  .00046523  00000+0  79462-3 0  9993
2 67923  43.0008 173.1677 0001761 249.5281 110.5390 15.50560879  5697
STARLINK-36714          
1 67924U 26036W   26082.16668981 -.01837366  00000+0 -49665-1 0  9994
2 67924  42.9998 169.4546 0001001 276.1532 301.5802 15.40243111  5819
STARLINK-36726          
1 67925U 26036X   26081.97184647  .00080825  00000+0  13689-2 0  9990
2 67925  42.9993 171.1089 0001257 246.0777 113.9952 15.50588141  5746
STARLINK-36758          
1 67926U 26036Y   26082.16668981 -.01888131  00000+0 -43497-1 0  9999
2 67926  43.0000 169.5226 0000842 282.6123 267.1028 15.45044377  5818
STARLINK-36728          
1 67927U 26036Z   26082.16668981 -.01835951  00000+0 -45119-1 0  9995
2 67927  42.9992 169.3005 0001131 266.9041  13.2535 15.43064843  5817
STARLINK-36771          
1 67928U 26036AA  26082.16668981 -.01838301  00000+0 -42553-1 0  9997
2 67928  42.9991 169.4044 0000916 283.3001 314.9385 15.44818755  5814
STARLINK-36809          
1 67929U 26036AB  26082.16668981 -.01857928  00000+0 -42845-1 0  9998
2 67929  42.9991 169.3797 0000871 275.3295 332.7730 15.44962774  5818
STARLINK-36865          
1 67930U 26036AC  26082.16668981 -.01882935  00000+0 -48713-1 0  9996
2 67930  42.9997 169.0995 0001893 263.2865  97.0997 15.41624908  5814
STARLINK-36781          
1 67931U 26036AD  26082.16668981 -.01876724  00000+0 -49573-1 0  9991
2 67931  42.9991 169.1624 0001381 258.2623  76.7766 15.40999345  5814
STARLINK-36301          
1 67932U 26037A   26082.16668981 -.01897756  00000+0 -25828-1 0  9998
2 67932  42.9992 116.5040 0001008 269.8011 322.5051 15.60015239  5271
STARLINK-36852          
1 67933U 26037B   26082.16668981 -.00283988  00000+0 -49823-2 0  9996
2 67933  42.9994 117.5434 0000989 259.3775 272.5279 15.50749701  5363
STARLINK-36861          
1 67934U 26037C   26082.16668981 -.01892353  00000+0 -30041-1 0  9991
2 67934  42.9996 116.6912 0000958 282.8048 234.2597 15.55963814  5363
STARLINK-36860          
1 67935U 26037D   26082.16668981  .00092988  00000+0  15738-2 0  9992
2 67935  42.9995 117.1508 0001145 303.4773  27.3366 15.50549390  5363
STARLINK-36848          
1 67936U 26037E   26082.16668981  .00048982  00000+0  83734-3 0  9990
2 67936  42.9991 117.2944 0001197 268.5742   3.7722 15.50517795  5367
STARLINK-36370          
1 67937U 26037F   26082.16668981 -.00067678  00000+0 -11569-2 0  9992
2 67937  42.9994 117.0816 0001672 264.7498  94.3255 15.50599657  5365
STARLINK-36371          
1 67938U 26037G   26082.16668981 -.01614096  00000+0 -27893-1 0  9992
2 67938  42.9997 116.8067 0001316 275.8148 194.1078 15.53147945  5368
STARLINK-36246          
1 67939U 26037H   26082.16668981 -.00183616  00000+0 -31910-2 0  9997
2 67939  42.9991 117.2197 0001070 287.6908  14.9861 15.50640138  5272
STARLINK-36907          
1 67940U 26037J   26082.16668981 -.01888412  00000+0 -27577-1 0  9999
2 67940  42.9990 116.4868 0000957 274.1085 324.5224 15.58165409  5363
STARLINK-36927          
1 67941U 26037K   26082.16668981 -.01897175  00000+0 -30811-1 0  9991
2 67941  42.9996 116.6164 0000733 281.1092 265.0836 15.55366990  5362
STARLINK-36914          
1 67942U 26037L   26082.16668981 -.01920447  00000+0 -23884-1 0  9993
2 67942  42.9993 116.3131 0001285 268.2958  40.0666 15.62359637  5361
STARLINK-36851          
1 67943U 26037M   26082.16668981 -.01898632  00000+0 -29715-1 0  9993
2 67943  42.9994 116.5928 0000841 275.7483 279.8768 15.56356017  5369
STARLINK-36892          
1 67944U 26037N   26082.16668981 -.01890298  00000+0 -28686-1 0  9990
2 67944  42.9992 116.5293 0001082 265.6877 315.9783 15.57155672  5360
STARLINK-36908          
1 67945U 26037P   26082.16668981 -.01885946  00000+0 -27722-1 0  9995
2 67945  42.9993 116.4636 0000780 276.2454 331.6478 15.57990870  5368
STARLINK-36909          
1 67946U 26037Q   26082.16668981 -.01904418  00000+0 -21746-1 0  9992
2 67946  42.9997 116.1638 0001519 274.2221  93.7824 15.64473960  5368
STARLINK-36920          
1 67947U 26037R   26082.16668981 -.01586594  00000+0 -27309-1 0  9995
2 67947  42.9997 116.7061 0001459 278.3677 231.5970 15.53203928  5365
STARLINK-36873          
1 67948U 26037S   26082.16668981 -.02013163  00000+0 -36350-1 0  9990
2 67948  43.0001 116.7722 0001478 290.0920 192.6537 15.52127742  5365
STARLINK-36863          
1 67949U 26037T   26082.16668981 -.01896498  00000+0 -29372-1 0  9996
2 67949  42.9992 116.4926 0000916 270.3833 325.4450 15.56629593  5361
STARLINK-36887          
1 67950U 26037U   26082.16668981 -.00107230  00000+0 -18450-2 0  9992
2 67950  42.9989 117.3846 0001285 267.7128 327.0923 15.50611562  5361
STARLINK-36897          
1 67951U 26037V   26082.16668981 -.01896699  00000+0 -30526-1 0  9995
2 67951  42.9995 116.5268 0001047 272.1524 309.3955 15.55605163  5367
STARLINK-36381          
1 67952U 26037W   26082.16668981 -.01893121  00000+0 -32197-1 0  9999
2 67952  42.9992 116.5924 0001019 279.4808 275.7844 15.54113751  5367
STARLINK-36824          
1 67953U 26037X   26082.16668981  .00047723  00000+0  81605-3 0  9996
2 67953  42.9990 117.2247 0001073 269.5747  29.6417 15.50520078  5366
STARLINK-36869          
1 67954U 26037Y   26082.16668981  .00047863  00000+0  81842-3 0  9995
2 67954  42.9990 117.2168 0001097 284.0447  18.0149 15.50519607  5364
STARLINK-36872          
1 67955U 26037Z   26082.16668981 -.01883844  00000+0 -27815-1 0  9994
2 67955  42.9992 116.3496 0001003 264.5200  27.8144 15.57867527  5365
STARLINK-36918          
1 67956U 26037AA  26082.16668981 -.01888814  00000+0 -31719-1 0  9995
2 67956  42.9990 116.5285 0001075 276.0107 304.4047 15.54447575  5365
STARLINK-36829          
1 67957U 26037AB  26082.16668981 -.00257068  00000+0 -45046-2 0  9995
2 67957  42.9996 116.7610 0001055 283.2069 203.0208 15.50683978  5369
STARLINK-36799          
1 67958U 26037AC  26082.16668981 -.01901645  00000+0 -25555-1 0  9996
2 67958  42.9997 116.2082 0001215 268.1306  81.4582 15.60347516  5362
STARLINK-36834          
1 67959U 26037AD  26082.16668981  .00070192  00000+0  11945-2 0  9997
2 67959  42.9996 116.7221 0001602 267.7966 233.9698 15.50510822  5362
STARLINK-36841          
1 67960U 26037AE  26082.16668981 -.01604442  00000+0 -29184-1 0  9996
2 67960  42.9998 116.6688 0001042 295.8383 227.4619 15.51725412  5360
STARLINK-36912          
1 67961U 26038A   26082.16668981 -.02417205  00000+0 -55877-1 0  9996
2 67961  97.2852  93.0011 0001951  86.0910 114.4237 15.45931846  5360
STARLINK-36881          
1 67962U 26038B   26082.16668981 -.02489535  00000+0 -57848-1 0  9992
2 67962  97.2852  93.0062 0001517  81.2800 132.0013 15.45893159  5362
STARLINK-36357          
1 67963U 26038C   26082.16668981 -.00003009  00000+0 -53766-4 0  9997
2 67963  97.2855  92.9723 0001177 108.7683  22.9152 15.49150294  5365
STARLINK-36349          
1 67964U 26038D   26082.16668981 -.00001716  00000+0 -29934-4 0  9991
2 67964  97.2855  92.9690 0001002  94.1623  30.3406 15.49156286  5360
STARLINK-36806          
1 67965U 26038E   26082.16668981 -.02375010  00000+0 -52779-1 0  9995
2 67965  97.2854  93.0236 0002130  98.3798 152.0182 15.47007939  5361
STARLINK-36820          
1 67966U 26038F   26082.16668981 -.02301800  00000+0 -51842-1 0  9992
2 67966  97.2853  93.0298 0001931 108.2822 155.2114 15.47115816  5360
STARLINK-36819          
1 67967U 26038G   26081.99289808  .00034777  00000+0  63767-3 0  9993
2 67967  97.2845  92.6935 0001408  87.8823 272.2589 15.49215780  5265
STARLINK-36812          
1 67968U 26038H   26082.16668981 -.02310926  00000+0 -50276-1 0  9993
2 67968  97.2855  93.0403 0001978 102.4880 181.4950 15.48122216  5365
STARLINK-36709          
1 67969U 26038J   26082.16668981 -.01977003  00000+0 -39875-1 0  9990
2 67969  97.2853  93.0443 0001827 118.2120 175.7665 15.49704683  5367
STARLINK-36319          
1 67970U 26038K   26082.16668981 -.00675070  00000+0 -13361-1 0  9992
2 67970  97.2849  92.9957 0001294 131.9572  57.0114 15.49504462  5334
STARLINK-36710          
1 67971U 26038L   26082.16668981 -.02304457  00000+0 -48948-1 0  9992
2 67971  97.2855  93.0563 0001706 109.7845 211.6118 15.48795026  5363
STARLINK-36894          
1 67972U 26038M   26082.16668981 -.02310002  00000+0 -48688-1 0  9997
2 67972  97.2856  93.0621 0001732  93.3357 241.0180 15.49023409  5361
STARLINK-36900          
1 67973U 26038N   26082.00002315 -.00039035  00000+0 -71905-3 0  9996
2 67973  97.2859  92.7616 0001307  87.8712  89.9605 15.49211857  5341
STARLINK-36901          
1 67974U 26038P   26082.16668981 -.02172078  00000+0 -44532-1 0  9992
2 67974  97.2854  93.0654 0001659  79.3054 262.7544 15.49570034  5368
STARLINK-36883          
1 67975U 26038Q   26082.16668981 -.00229318  00000+0 -43234-2 0  9990
2 67975  97.2853  93.0495 0001952  94.7359 214.2173 15.49286010  5364
STARLINK-36880          
1 67976U 26038R   26082.30191484  .00106425  00000+0  19286-2 0  9997
2 67976  97.2861  93.0386 0001655  87.6544 272.4896 15.49241325  5313
STARLINK-36904          
1 67977U 26038S   26082.16668981 -.00016752  00000+0 -30643-3 0  9999
2 67977  97.2854  93.0450 0000862 120.7984 176.9957 15.49243335  5368
STARLINK-36364          
1 67978U 26038T   26082.16668981 -.01457842  00000+0 -29095-1 0  9997
2 67978  97.2852  93.1043 0001265  71.7856   1.3820 15.50074815  5364
STARLINK-36359          
1 67979U 26038U   26082.16668981 -.00037180  00000+0 -68492-3 0  9992
2 67979  97.2940  93.0554 0002120  84.3565 241.4187 15.49197628  5366
STARLINK-36882          
1 67980U 26038V   26082.16668981  .00000175  00000+0  48855-5 0  9999
2 67980  97.2855  93.0451 0001106  88.5805 212.0289 15.49152747  5365
STARLINK-36874          
1 67981U 26038W   26082.16668981 -.02311763  00000+0 -45702-1 0  9996
2 67981  97.2854  93.1105 0001503  69.6220  18.5182 15.50830956  5362
STARLINK-36879          
1 67982U 26038X   26082.00002315 -.00089440  00000+0 -16588-2 0  9996
2 67982  97.2862  92.7732 0001248 104.6445 101.7963 15.49237185  5341
STARLINK-36867          
1 67983U 26038Y   26082.00002315 -.00017809  00000+0 -32618-3 0  9990
2 67983  97.2863  92.8050 0001541  76.3990 203.9987 15.49219051  5346
STARLINK-36266          
1 67984U 26038Z   26082.16668981 -.02321134  00000+0 -45130-1 0  9997
2 67984  97.2858  93.1209 0001622  73.9120  38.3171 15.51310347  5336
STARLINK-36802          
1 67985U 26038AA  26081.91808784  .00398607  00000+0  25327-2 0  9999
2 67985  97.2885  92.9361 0001482 115.0675 245.0744 15.75352047  5275
STARLINK-36535          
1 67986U 26039A   26082.16668981 -.01845826  00000+0 -40154-1 0  9999
2 67986  42.9993 333.7500 0001398 275.3674  93.2308 15.46619387  5044
STARLINK-36744          
1 67987U 26039B   26082.16668981 -.01866314  00000+0 -37540-1 0  9990
2 67987  42.9994 333.6270 0002064 278.2823 139.7762 15.48875193  5049
STARLINK-36734          
1 67988U 26039C   26081.40417293  .00129280  00000+0  21734-2 0  9995
2 67988  42.9978 339.2604 0002055 291.5146  68.5495 15.50576115  3620
STARLINK-36957          
1 67989U 26039D   26082.16668981 -.01055346  00000+0 -19590-1 0  9992
2 67989  42.9999 333.6780 0001590 273.6685 123.2665 15.50886261  5041
STARLINK-36951          
1 67990U 26039E   26082.16668981 -.00087736  00000+0 -15048-2 0  9996
2 67990  43.0000 333.9350 0001353 270.2571  22.5584 15.50610425  5046
STARLINK-36941          
1 67991U 26039F   26081.98329783  .00088021  00000+0  14872-2 0  9990
2 67991  42.9998 335.8638 0001752 269.8781  90.1878 15.50620076  3713
STARLINK-36950          
1 67992U 26039G   26082.00002315 -.00113283  00000+0 -19511-2 0  9990
2 67992  42.9997 335.3914 0001428 271.8352 334.5233 15.50609119  5012
STARLINK-36975          
1 67993U 26039H   26082.00002315 -.00083650  00000+0 -14325-2 0  9993
2 67993  42.9997 335.2941 0001474 272.1708  13.3498 15.50634186  5019
STARLINK-36993          
1 67994U 26039J   26082.16668981 -.00026041  00000+0 -43973-3 0  9991
2 67994  42.9998 333.6099 0001702 270.4884 153.3372 15.50565581  5048
STARLINK-36968          
1 67995U 26039K   26081.00002315  .00070059  00000+0  11933-2 0  9993
2 67995  42.9997 341.3417 0001392 263.3408 112.4555 15.50485382  4853
STARLINK-36979          
1 67996U 26039L   26082.16668981 -.00007570  00000+0 -12340-3 0  9993
2 67996  43.0000 333.4922 0001633 263.0407 207.9274 15.50562166  5044
STARLINK-36994          
1 67997U 26039M   26082.16668981 -.00043053  00000+0 -73215-3 0  9998
2 67997  43.0000 333.8560 0001757 261.2942  62.3364 15.50575636  5047
STARLINK-36988          
1 67998U 26039N   26082.16668981 -.00023589  00000+0 -39766-3 0  9994
2 67998  43.0000 333.7978 0001511 276.0798  71.2969 15.50565126  5044
STARLINK-36926          
1 67999U 26039P   26082.16668981  .00132702  00000+0  22385-2 0  9999
2 67999  43.0002 333.8333 0001413 273.4031  59.5957 15.50467251  5041
STARLINK-36931          
1 68000U 26039Q   26082.16668981 -.00151538  00000+0 -26247-2 0  9994
2 68000  42.9999 333.5513 0001983 279.2669 167.7639 15.50607160  5042
STARLINK-36903          
1 68001U 26039R   26082.16668981 -.01891692  00000+0 -36424-1 0  9995
2 68001  43.0001 333.8188 0001816 255.7292  82.5558 15.50144848  5049
STARLINK-36898          
1 68002U 26039S   26082.16668981 -.01888096  00000+0 -38335-1 0  9993
2 68002  42.9994 333.5972 0001663 274.4617 153.4659 15.48651061  5043
STARLINK-36862          
1 68003U 26039T   26082.16668981 -.01830725  00000+0 -38954-1 0  9997
2 68003  43.0001 333.7265 0001535 271.0145 104.6709 15.47225074  5043
STARLINK-36888          
1 68004U 26039U   26082.16668981 -.01856194  00000+0 -38339-1 0  9993
2 68004  43.0001 333.7747 0001787 263.0195  93.1431 15.48111386  5049
STARLINK-36910          
1 68005U 26039V   26082.16668981 -.01938194  00000+0 -40315-1 0  9992
2 68005  42.9993 333.5100 0002228 278.8119 184.1422 15.48045659  5040
STARLINK-36889          
1 68006U 26039W   26082.16668981 -.00126751  00000+0 -21829-2 0  9990
2 68006  43.0002 333.8354 0001321 274.6928  56.9793 15.50668227  5045
STARLINK-36592          
1 68007U 26039X   26082.16668981 -.00543480  00000+0 -98522-2 0  9997
2 68007  43.0000 333.5309 0001650 284.0639 170.4603 15.50762058  5049
STARLINK-36911          
1 68008U 26039Y   26082.16668981  .00124056  00000+0  20945-2 0  9994
2 68008  43.0001 333.6205 0001574 281.4526 136.7767 15.50479293  5040
STARLINK-36956          
1 68009U 26039Z   26082.16668981 -.00237591  00000+0 -41533-2 0  9992
2 68009  43.0001 333.6868 0002115 266.1752 125.1169 15.50675382  5044
STARLINK-36953          
1 68010U 26039AA  26082.16668981 -.01816378  00000+0 -35159-1 0  9997
2 68010  42.9996 333.1688 0001270 255.9265 344.9918 15.50409548  5040
STARLINK-36991          
1 68011U 26039AB  26081.00002315  .00067062  00000+0  11428-2 0  9992
2 68011  42.9998 341.1865 0002115 277.6890 159.1594 15.50488205  4854
STARLINK-36936          
1 68012U 26039AC  26082.16668981 -.00216920  00000+0 -37829-2 0  9992
2 68012  43.0002 333.6470 0001811 273.5192 133.2062 15.50666678  5040
STARLINK-36967          
1 68013U 26039AD  26081.68952656  .00087398  00000+0  14797-2 0  9996
2 68013  42.9986 337.0781 0001962 254.0409 106.0235 15.50565500  3674
STARLINK-36985          
1 68014U 26039AE  26082.16668981 -.01063538  00000+0 -19760-1 0  9993
2 68014  42.9987 333.1143 0001891 274.5854 348.0901 15.50880441  5042
STARLINK-36335          
1 68015U 26040A   26082.16668981 -.00275612  00000+0 -18962-2 0  9997
2 68015  97.2867  31.2711 0001748 127.5980 336.8685 15.75320211  4547
STARLINK-36923          
1 68016U 26040B   26082.16668981  .00067271  00000+0  45008-3 0  9998
2 68016  97.2864  31.2757 0001220  88.1327  22.3624 15.75100354  4596
STARLINK-36568          
1 68017U 26040C   26082.16668981 -.00052108  00000+0 -35116-3 0  9993
2 68017  97.2862  31.2756 0001477 110.7007   3.7759 15.75153874  4592
STARLINK-36930          
1 68018U 26040D   26082.16668981 -.00115936  00000+0 -78724-3 0  9995
2 68018  97.2865  31.2735 0001660 127.6763 338.8109 15.75181611  4594
STARLINK-36921          
1 68019U 26040E   26082.16668981 -.00168490  00000+0 -11488-2 0  9992
2 68019  97.2852  31.2870 0001499  79.4644  49.0224 15.75236953  4592
STARLINK-36928          
1 68020U 26040F   26082.16668981 -.00050299  00000+0 -33887-3 0  9999
2 68020  97.2859  31.2813 0001556  67.1421  55.3433 15.75153126  4591
STARLINK-36858          
1 68021U 26040G   26081.95015587 -.00482577  00000+0 -33921-2 0  9990
2 68021  97.2836  31.2209 0001162 109.0153 251.1238 15.75383089  3453
STARLINK-36916          
1 68022U 26040H   26082.16668981 -.00051537  00000+0 -34719-3 0  9992
2 68022  97.2862  31.2841 0001361 117.1834  17.2867 15.75159759  4592
STARLINK-36871          
1 68023U 26040J   26082.16668981 -.00153043  00000+0 -10431-2 0  9992
2 68023  97.2864  31.2845 0001455 123.8198  12.6593 15.75200736  4597
STARLINK-36891          
1 68024U 26040K   26082.16668981 -.00033864  00000+0 -22757-3 0  9996
2 68024  97.2863  31.2866 0001531  94.1657  46.3134 15.75137632  4594
STARLINK-36378          
1 68025U 26040L   26082.16668981 -.00032234  00000+0 -21650-3 0  9998
2 68025  97.2856  31.2937 0001417  83.7634  64.7194 15.75142358  4544
STARLINK-36884          
1 68026U 26040M   26082.16668981 -.00032774  00000+0 -22020-3 0  9990
2 68026  97.2860  31.2910 0001248  81.8707  64.6121 15.75137701  4593
STARLINK-36940          
1 68027U 26040N   26082.16668981 -.00010731  00000+0 -71293-4 0  9997
2 68027  97.2845  31.3193 0001805 131.6636  64.8070 15.75147030  4697
STARLINK-36253          
1 68028U 26040P   26082.16668981 -.01821837  00000+0 -29798-1 0  9996
2 68028  97.2845  30.9932 0001921  94.4240  64.0653 15.55754857  4698
STARLINK-36944          
1 68029U 26040Q   26082.16668981 -.00141291  00000+0 -96192-3 0  9999
2 68029  97.2863  31.2911 0001460  89.9974  62.4760 15.75194593  4598
STARLINK-36942          
1 68030U 26040R   26082.16668981 -.00053595  00000+0 -36120-3 0  9995
2 68030  97.2856  31.2976 0001120 109.6663  46.8159 15.75158982  4591
STARLINK-36913          
1 68031U 26040S   26082.16668981 -.00065312  00000+0 -44111-3 0  9995
2 68031  97.2854  31.2984 0001671 109.6442  50.8295 15.75149775  4591
STARLINK-36935          
1 68032U 26040T   26082.16668981 -.00140237  00000+0 -95442-3 0  9999
2 68032  97.2853  31.3125 0001675 115.4429  73.0238 15.75198680  4697
STARLINK-36947          
1 68033U 26040U   26082.16668981  .00089832  00000+0  59944-3 0  9998
2 68033  97.2854  31.3013 0001593  87.6897  76.7961 15.75088343  4599
STARLINK-36939          
1 68034U 26040V   26082.16668981  .00061916  00000+0  41402-3 0  9992
2 68034  97.2843  31.3100 0002398  99.7078  80.7304 15.75129598  4598
STARLINK-36943          
1 68035U 26040W   26082.16668981  .00109350  00000+0  72793-3 0  9995
2 68035  97.2847  31.3153 0001925 110.8809  75.5976 15.75084663  4649
STARLINK-36906          
1 68036U 26040X   26082.16668981 -.00088871  00000+0 -60201-3 0  9993
2 68036  97.2846  31.3078 0001346 113.3375  63.1382 15.75157674  4599
STARLINK-36388          
1 68037U 26040Y   26082.16668981 -.00038558  00000+0 -25926-3 0  9996
2 68037  97.2848  31.3120 0001302 122.5395  61.9344 15.75149258  4544
STARLINK-36895          
1 68038U 26040Z   26082.16668981 -.00118997  00000+0 -80848-3 0  9997
2 68038  97.2856  31.3030 0001711 122.5336  49.9398 15.75177300  4592
STARLINK-36373          
1 68039U 26040AA  26082.16668981 -.00056414  00000+0 -38038-3 0  9997
2 68039  97.2853  31.3017 0001430 111.7675  56.7029 15.75157197  4543
STARLINK-36711          
1 68040U 26041A   26082.22029950  .00347471  00000+0  21503-2 0  9996
2 68040  53.1587 354.6833 0000913  81.0856 279.0268 15.75543728  3354
STARLINK-36825          
1 68041U 26041B   26082.18872746  .00304199  00000+0  14835-2 0  9991
2 68041  53.1585 354.4723 0000275  62.4380 297.6670 15.80982725  3358
STARLINK-36925          
1 68042U 26041C   26082.22061937  .00477126  00000+0  29023-2 0  9995
2 68042  53.1584 354.6849 0000845 123.9105 236.1996 15.75568840  3351
STARLINK-36902          
1 68043U 26041D   26082.25118408  .00331454  00000+0  16070-2 0  9996
2 68043  53.1586 354.1518 0000995 132.3333 227.7774 15.81036932  3365
STARLINK-36966          
1 68044U 26041E   26081.77201951  .00515090  00000+0  31294-2 0  9994
2 68044  53.1590 356.8628 0001204 137.8092 222.3021 15.75490725  3282
STARLINK-36864          
1 68045U 26041F   26082.21577792  .00314880  00000+0  19630-2 0  9998
2 68045  53.1589 354.6528 0000969  75.6329 284.4799 15.75468270  3354
STARLINK-36321          
1 68046U 26041G   26082.16668981  .00160801  00000+0  10383-2 0  9992
2 68046  53.1588 354.5833 0001296  86.9983 149.0570 15.75129163  4547
STARLINK-36181          
1 68047U 26041H   26082.24893181  .00406796  00000+0  19472-2 0  9998
2 68047  53.1586 354.1359 0001742  84.3687 275.7534 15.81115403  3369
STARLINK-36318          
1 68048U 26041J   26082.02124219  .00384734  00000+0  23773-2 0  9990
2 68048  53.1602 355.5708 0001754  27.9084 332.2030 15.75472671  3321
STARLINK-36885          
1 68049U 26041K   26082.14780432  .00313647  00000+0  19695-2 0  9992
2 68049  53.1601 354.9375 0001867  87.3998 272.7237 15.75306408  3346
STARLINK-36945          
1 68050U 26041L   26082.24668103  .00296062  00000+0  14418-2 0  9994
2 68050  53.1585 354.1208 0001139 148.9408 211.1682 15.81036552  3368
STARLINK-35911          
1 68051U 26041M   26082.24518540  .00230313  00000+0  11332-2 0  9993
2 68051  53.1588 354.1122 0000698 101.2617 258.8484 15.80994868  3360
STARLINK-35808          
1 68052U 26041N   26082.16668981 -.00206748  00000+0 -13744-2 0  9996
2 68052  53.1587 354.5853 0001200  89.2399 144.9917 15.75293437  4508
STARLINK-36919          
1 68053U 26041P   26081.48505512  .00474255  00000+0  22737-2 0  9991
2 68053  53.1589 357.9017 0002213 295.2881  64.7912 15.80904176  3249
STARLINK-36924          
1 68054U 26041Q   26082.20703230  .00176173  00000+0  11223-2 0  9996
2 68054  53.1600 354.5945 0000869  63.1311 296.9798 15.75388431  3359
STARLINK-35998          
1 68055U 26041R   26082.16668981  .00044502  00000+0  29298-3 0  9997
2 68055  53.1588 354.5291 0000753  97.1019 164.7070 15.75236311  4505
STARLINK-36845          
1 68056U 26041S   26081.48275701  .00734806  00000+0  33360-2 0  9993
2 68056  53.1588 357.8865 0000815 106.6832 253.4281 15.81406518  3242
STARLINK-36954          
1 68057U 26041T   26082.07982164  .00486171  00000+0  29923-2 0  9997
2 68057  53.1601 355.2225 0001893  62.4622 297.6591 15.75275363  3333
STARLINK-36899          
1 68058U 26041U   26082.20249201  .00275457  00000+0  17359-2 0  9994
2 68058  53.1598 354.5637 0001388 133.0328 227.0808 15.75336033  3357
STARLINK-36917          
1 68059U 26041V   26082.12964894  .00252029  00000+0  15948-2 0  9990
2 68059  53.1586 354.8161 0001424  40.2353 319.8772 15.75309607  3344
STARLINK-36959          
1 68060U 26041W   26082.19795534  .00199397  00000+0  12706-2 0  9999
2 68060  53.1591 354.5322 0001190  87.0637 273.0520 15.75308553  3354
STARLINK-36915          
1 68061U 26041X   26082.16668981 -.00085540  00000+0 -55886-3 0  9995
2 68061  53.1588 354.4786 0001165  97.4365 188.2805 15.75264371  4543
STARLINK-36952          
1 68062U 26041Y   26082.01182819  .00293133  00000+0  18383-2 0  9998
2 68062  53.1597 355.5069 0001337  54.5398 305.5747 15.75395849  3320
STARLINK-37000          
1 68063U 26041Z   26081.61267051  .00366040  00000+0  20764-2 0  9990
2 68063  53.1590 357.2758 0008081 264.0106  95.9995 15.77440933  3261
STARLINK-36996          
1 68064U 26041AA  26082.23540588  .00646913  00000+0  29875-2 0  9991
2 68064  53.1585 354.0436 0000609  69.7220 290.3869 15.81263766  3363
STARLINK-36836          
1 68065U 26041AB  26082.17071725  .00339249  00000+0  16445-2 0  9997
2 68065  53.1586 354.3502 0000659  99.5905 260.5192 15.81019160  3352
STARLINK-36976          
1 68066U 26041AC  26082.12997425  .00239737  00000+0  15189-2 0  9992
2 68066  53.1585 354.8167 0001654  91.7258 268.3952 15.75319077  3347
STARLINK-36929          
1 68067U 26041AD  26082.00729637  .00545000  00000+0  33361-2 0  9993
2 68067  53.1593 355.4759 0001410  25.9810 334.1281 15.75234194  3325
STARLINK-36990          
1 68068U 26041AE  26082.29564691  .00312076  00000+0  15157-2 0  9990
2 68068  53.1589 353.7061 0000794  30.6523 329.4546 15.81051199  3371
STARLINK-36766          
1 68069U 26042A   26082.22518173  .00388352  00000+0  18703-2 0  9999
2 68069  53.1573 126.9434 0000826  81.5752 278.5364 15.81030771  4224
STARLINK-36823          
1 68070U 26042B   26082.16121427  .00765502  00000+0  34933-2 0  9995
2 68070  53.1571 127.2546 0001034 195.8185 164.2806 15.81215590  4218
STARLINK-36970          
1 68071U 26042C   26082.22293387  .00226015  00000+0  11146-2 0  9990
2 68071  53.1570 126.9279 0001060  94.4318 265.6826 15.80957036  4224
STARLINK-36972          
1 68072U 26042D   26082.22368381  .00150115  00000+0  74855-3 0  9992
2 68072  53.1571 126.9339 0001212  44.9717 315.1403 15.80942359  4229
STARLINK-37074          
1 68073U 26042E   26082.22217370  .00239849  00000+0  11775-2 0  9997
2 68073  53.1569 126.9231 0001621 122.9973 237.1206 15.81016558  4221
STARLINK-37045          
1 68074U 26042F   26082.16668981 -.00085604  00000+0 -56034-3 0  9997
2 68074  53.1589 127.2834 0001685  86.5087 276.6408 15.75219872  4216
STARLINK-37026          
1 68075U 26042G   26082.30245607  .00104516  00000+0  67681-3 0  9992
2 68075  53.1574 126.7185 0000932  94.6198 265.4929 15.75265138  4233
STARLINK-37023          
1 68076U 26042H   26082.23381910  .00001508  00000+0  13979-4 0  9992
2 68076  53.1579 126.9990 0001980  43.6717 316.4460 15.75304501  4224
STARLINK-37036          
1 68077U 26042J   26082.23414602 -.00065123  00000+0 -42293-3 0  9993
2 68077  53.1575 127.0012 0001578 130.3340 229.7819 15.75290621  4228
STARLINK-36973          
1 68078U 26042K   26082.21767387  .00331409  00000+0  16068-2 0  9994
2 68078  53.1569 126.8924 0000969 139.1088 221.0008 15.81037391  4225
STARLINK-37063          
1 68079U 26042L   26082.21843019  .00096126  00000+0  48388-3 0  9997
2 68079  53.1568 126.8974 0000843 111.5018 248.6095 15.80930138  4229
STARLINK-37051          
1 68080U 26042M   26082.21618557  .00161273  00000+0  80361-3 0  9999
2 68080  53.1576 126.8823 0001133  88.6725 271.4428 15.80922881  4225
STARLINK-37066          
1 68081U 26042N   26082.22473364  .00229289  00000+0  14543-2 0  9996
2 68081  53.1589 126.9377 0001504 103.6930 256.4258 15.75323972  4227
STARLINK-37054          
1 68082U 26042P   26082.21542843  .00210862  00000+0  10410-2 0  9991
2 68082  53.1570 126.8774 0000964  93.0478 267.0655 15.80976175  4220
STARLINK-37065          
1 68083U 26042Q   26082.22927959  .00166603  00000+0  10671-2 0  9990
2 68083  53.1579 126.9681 0001037  91.3750 268.7390 15.75296335  4225
STARLINK-37037          
1 68084U 26042R   26082.21393141  .00237275  00000+0  11686-2 0  9991
2 68084  53.1573 126.8668 0001226  81.7566 278.3596 15.80953281  4223
STARLINK-37068          
1 68085U 26042S   26082.27639912  .00244035  00000+0  12005-2 0  9995
2 68085  53.1571 126.5445 0001064 109.4879 250.6259 15.80959626  4236
STARLINK-37067          
1 68086U 26042T   26082.27565121  .00175577  00000+0  87337-3 0  9991
2 68086  53.1574 126.5398 0001311  78.9552 281.1618 15.80916407  4238
STARLINK-37062          
1 68087U 26042U   26082.21168712  .00218992  00000+0  10821-2 0  9993
2 68087  53.1571 126.8515 0001216  84.5869 275.5292 15.80933350  4228
STARLINK-37059          
1 68088U 26042V   26082.27414776  .00132803  00000+0  66397-3 0  9990
2 68088  53.1572 126.5301 0000713  82.6203 277.4901 15.80942161  4231
STARLINK-37004          
1 68089U 26042W   26082.21017907  .00066821  00000+0  33867-3 0  9992
2 68089  53.1572 126.8415 0001183  70.0441 290.0710 15.80924254  4229
STARLINK-36320          
1 68090U 26042X   26082.16668981 -.00116170  00000+0 -76389-3 0  9993
2 68090  53.1586 127.1725 0001208  96.0977 320.4133 15.75244643  4200
STARLINK-36324          
1 68091U 26042Y   26082.00002315 -.00122920  00000+0 -80645-3 0  9990
2 68091  53.1580 128.0578 0001429 144.4796  18.6458 15.75320491  4182
STARLINK-36896          
1 68092U 26042Z   26082.16668981 -.00138680  00000+0 -91400-3 0  9996
2 68092  53.1592 127.1196 0001661  81.3222   0.9328 15.75271523  4218
STARLINK-36251          
1 68093U 26042AA  26082.20643163  .00226653  00000+0  11183-2 0  9992
2 68093  53.1572 126.8158 0001108  84.8432 275.2717 15.80944024  4216
STARLINK-36787          
1 68094U 26042AB  26082.22052837  .00178251  00000+0  11395-2 0  9992
2 68094  53.1583 126.9085 0001013  90.9988 269.1149 15.75301236  4215
STARLINK-36790          
1 68095U 26042AC  26082.20717921  .00219727  00000+0  10858-2 0  9990
2 68095  53.1572 126.8208 0001574  77.3181 282.8017 15.80930149  4219
STARLINK-36328          
1 68096U 26042AD  26082.20418760  .00203165  00000+0  10078-2 0  9993
2 68096  53.1573 126.8007 0001334  88.2775 271.8400 15.80896211  4217
STARLINK-36853          
1 68097U 26042AE  26082.26890064  .00100118  00000+0  50401-3 0  9990
2 68097  53.1576 126.4939 0001040 110.4008 249.7126 15.80912291  4229
GLOBAL-34               
1 68098U 26043A   26082.10383838  .00016292  00000+0  52748-3 0  9996
2 68098  42.0227 358.0633 0004836  12.4690 347.6267 15.31715732  2621
STARLINK-37022          
1 68101U 26044A   26082.16668981 -.00033431  00000+0 -22456-3 0  9992
2 68101  97.2841  42.9654 0001573  88.5431 183.3250 15.75146299  3569
STARLINK-37046          
1 68102U 26044B   26082.16668981 -.00021978  00000+0 -14719-3 0  9999
2 68102  97.2841  42.9685 0001439  99.9109 177.9660 15.75137805  3560
STARLINK-37018          
1 68103U 26044C   26082.16668981 -.00023804  00000+0 -15948-3 0  9995
2 68103  97.2845  42.9723 0001857 118.6630 167.2071 15.75143599  3510
STARLINK-37041          
1 68104U 26044D   26082.16668981 -.00018871  00000+0 -12620-3 0  9998
2 68104  97.2842  42.9746 0001101  69.8689 222.0020 15.75140479  3514
STARLINK-37021          
1 68105U 26044E   26082.16668981 -.00057481  00000+0 -38768-3 0  9990
2 68105  97.2842  42.9774 0001621  66.6686 233.2035 15.75154285  3515
STARLINK-37024          
1 68106U 26044F   26082.16668981 -.00070260  00000+0 -47474-3 0  9995
2 68106  97.2841  42.9799 0001470  99.1108 206.7649 15.75156250  3514
STARLINK-37005          
1 68107U 26044G   26082.16668981 -.00057758  00000+0 -38957-3 0  9999
2 68107  97.2842  42.9736 0001092  64.3549 225.5144 15.75155908  3518
STARLINK-37017          
1 68108U 26044H   26082.16668981 -.00006675  00000+0 -44015-4 0  9995
2 68108  97.2842  42.9817 0001392  65.2787 242.5880 15.75140070  3516
STARLINK-36833          
1 68109U 26044J   26082.16668981 -.00029262  00000+0 -19636-3 0  9993
2 68109  97.2840  42.9833 0001466 118.9647 196.9022 15.75145597  3560
STARLINK-36830          
1 68110U 26044K   26082.16668981 -.00032869  00000+0 -22073-3 0  9991
2 68110  97.2842  42.9821 0001655 121.9428 189.9253 15.75148157  3565
STARLINK-36791          
1 68111U 26044L   26082.16668981  .00065268  00000+0  43660-3 0  9994
2 68111  97.2840  42.9873 0001168 105.1260 218.7438 15.75111282  3518
STARLINK-36893          
1 68112U 26044M   26082.16668981  .00001423  00000+0  10429-4 0  9996
2 68112  97.2842  42.9891 0001000  78.6166 251.2455 15.75140079  3567
STARLINK-36937          
1 68113U 26044N   26082.16668981  .00040693  00000+0  27329-3 0  9995
2 68113  97.2841  42.9919 0001350 107.6930 228.1756 15.75113808  3510
STARLINK-36229          
1 68114U 26044P   26082.16668981 -.00052707  00000+0 -35516-3 0  9994
2 68114  97.2841  42.9898 0001263 114.0560 219.8014 15.75158459  3561
STARLINK-36392          
1 68115U 26044Q   26082.16668981  .00057014  00000+0  38148-3 0  9993
2 68115  97.2841  42.9940 0001117  91.2386 250.6158 15.75134426  3560
STARLINK-36805          
1 68116U 26044R   26082.16668981  .00031562  00000+0  21231-3 0  9999
2 68116  97.2842  42.9949 0001699  96.4162 247.4520 15.75122396  3565
STARLINK-36844          
1 68117U 26044S   26082.16668981 -.00015321  00000+0 -10226-3 0  9999
2 68117  97.2840  42.9975 0001600 102.8318 249.0260 15.75137651  3514
STARLINK-36789          
1 68118U 26044T   26082.16668981 -.00097806  00000+0 -66256-3 0  9992
2 68118  97.2842  42.9980 0001464  93.8768 259.9661 15.75183599  3516
STARLINK-36850          
1 68119U 26044U   26082.16668981 -.00001211  00000+0 -72738-5 0  9992
2 68119  97.2841  42.9999 0001450 114.5882 241.2857 15.75122851  3514
STARLINK-36868          
1 68120U 26044V   26082.16668981 -.00159738  00000+0 -10899-2 0  9999
2 68120  97.2838  43.0023 0001423  83.9247 279.9204 15.75196252  3516
STARLINK-36855          
1 68121U 26044W   26082.16668981 -.00001907  00000+0 -11946-4 0  9990
2 68121  97.2841  43.0050 0001487 109.5060 258.3450 15.75135317  3518
STARLINK-36366          
1 68122U 26044X   26082.16668981  .00031932  00000+0  21488-3 0  9991
2 68122  97.2839  43.0059 0001271  86.2517 283.6145 15.75111971  3561
STARLINK-36922          
1 68123U 26044Y   26082.16668981 -.00182694  00000+0 -12486-2 0  9993
2 68123  97.2839  43.0113 0001514 118.0788 265.7504 15.75220184  3564
STARLINK-36938          
1 68124U 26044Z   26082.16668981  .00102292  00000+0  53114-3 0  9992
2 68124  97.2838  43.0260 0001518  93.6876 323.8593 15.80708117  3564
STARLINK-36839          
1 68125U 26044AA  26082.16668981 -.00158742  00000+0 -10823-2 0  9995
2 68125  97.2839  43.0087 0001425 107.0113 270.8223 15.75209575  3518
ECHOSTAR 25             
1 68126U 26045A   26078.10297356 -.00000047  00000+0  00000+0 0  9996
2 68126  10.0329  67.2654 4749424 180.7440 178.4031  1.79885153   199
ICOR SV                 
1 68127U 26046A   26072.90953491  .00482503  92133-4  10434-2 0  9997
2 68127 123.0797 224.1306 0140888 188.2572 171.6170 15.82606913   290
FIREFLY ALPHA R/B       
1 68128U 26046B   26082.25300412  .00045861  00000+0  62962-3 0  9999
2 68128 123.0936 264.9146 0015067   7.3313 352.7965 15.56787191  1759
GUOWANG GROUP 20 OBJECT*
1 68129U 26047A   26081.54515819 -.00000105  00000+0  29488-4 0  9991
2 68129  50.0053  18.0627 0004088 294.0185  66.0290 14.02072847  1373
GUOWANG GROUP 20 OBJECT*
1 68130U 26047B   26081.54392706 -.00000066  00000+0  55300-4 0  9999
2 68130  50.0054  18.0527 0002362 288.5351  71.5296 14.02358693  1363
GUOWANG GROUP 20 OBJECT*
1 68131U 26047C   26081.54289908 -.00000109  00000+0  26991-4 0  9991
2 68131  50.0022  18.0458 0003308 293.7898  66.2659 14.02708744  1378
GUOWANG GROUP 20 OBJECT*
1 68132U 26047D   26078.12556338 -.00000146  00000+0  36920-5 0  9991
2 68132  50.0078  31.9684 0008434 289.4802  70.5192 14.05881519   887
GUOWANG GROUP 20 OBJECT*
1 68133U 26047E   26081.32743227 -.00000117  00000+0  21599-4 0  9996
2 68133  50.0037  18.9087 0001845 286.6306  73.4395 14.03282701  1347
GUOWANG GROUP 20 OBJECT*
1 68134U 26047F   26081.53908163 -.00000024  00000+0  80292-4 0  9994
2 68134  50.0098  18.0376 0001549 290.5042  69.5697 14.03853988  1363
GUOWANG GROUP 20 OBJECT*
1 68135U 26047G   26081.61110949  .00000032  00000+0  11611-3 0  9997
2 68135  50.0130  17.7516 0002378 303.3923  56.6754 14.03554926  1388
GUOWANG GROUP 20 OBJECT*
1 68136U 26047H   26081.53812320 -.00000095  00000+0  35643-4 0  9993
2 68136  50.0090  18.0296 0002883 313.7948  46.2718 14.04117144  1367
GUOWANG GROUP 20 OBJECT*
1 68137U 26047J   26081.53689084 -.00000132  00000+0  12583-4 0  9993
2 68137  50.0076  18.0273 0000963 332.2478  27.8375 14.04378980  1370
CZ-8A R/B               
1 68138U 26047K   26082.27290909  .00000109  00000+0  14138-3 0  9990
2 68138  49.9540  14.5026 0044769 185.0153 175.0311 14.12230365  1477
SHIYAN-30 03            
1 68139U 26048A   26082.22502280  .00002736  00000+0  26946-3 0  9993
2 68139  35.0003  62.9318 0003821 314.2437  45.7954 14.91693796  1524
SHIYAN-30 04            
1 68140U 26048B   26082.22577243  .00002639  00000+0  25999-3 0  9995
2 68140  34.9918  62.9372 0002324 313.5872  46.4640 14.91703677  1521
CZ-2D R/B               
1 68141U 26048C   26082.26853976  .00001661  00000+0  14954-3 0  9993
2 68141  35.1298  62.6050 0014888  84.0591 276.1814 14.95542634  1536
STARLINK-36604          
1 68142U 26049A   26078.57838178 -.00601426  12954-3 -10855-2 0  9998
2 68142  97.2797  98.1391 0000555  65.4234 294.7104 16.01563866   968
STARLINK-36995          
1 68143U 26049B   26078.26577997 -.00531426  10413-3 -90105-3 0  9991
2 68143  97.2800  97.7985 0000959  13.3742 346.7563 16.02629136   918
STARLINK-37020          
1 68144U 26049C   26078.51432062  .00978873  50884-3  15014-2 0  9993
2 68144  97.2794  98.0724 0000467 166.1555 193.9739 16.04472428   952
STARLINK-36244          
1 68145U 26049D   26078.01410660 -.00404794  63915-4 -62437-3 0  9999
2 68145  97.2798  97.5283 0000395  95.7237 264.4089 16.04211622   875
STARLINK-36980          
1 68146U 26049E   26078.57630927 -.00620452  13836-3 -10788-2 0  9999
2 68146  97.2792  98.1417 0000469  81.7263 278.4070 16.02210843   969
STARLINK-37055          
1 68147U 26049F   26078.51507610 -.00358165  49580-4 -62842-3 0  9990
2 68147  97.2798  98.0710 0002763  38.6438 321.5038 16.02010555   956
STARLINK-36981          
1 68148U 26049G   26078.51312866 -.04741621  76603-2 -87998-2 0  9997
2 68148  97.2791  98.0740 0009222 123.9534 236.2623 16.00484791   952
STARLINK-36992          
1 68149U 26049H   26078.51297425  .00562120  14895-3  90936-3 0  9993
2 68149  97.2794  98.0748 0005892  16.2793 343.8675 16.03449672   958
STARLINK-37060          
1 68150U 26049J   26078.51268954  .00514433  12358-3  83559-3 0  9999
2 68150  97.2790  98.0753 0003860 339.2818  20.8305 16.03397341   958
STARLINK-37073          
1 68151U 26049K   26078.51234559 -.00494902  91744-4 -81365-3 0  9994
2 68151  97.2790  98.0750 0000583 352.5845   7.5426 16.03149567   954
STARLINK-37049          
1 68152U 26049L   26078.01278527 -.00417006  68149-4 -61657-3 0  9998
2 68152  97.2794  97.5302 0000474  89.6838 270.4498 16.04917116   870
STARLINK-37072          
1 68153U 26049M   26078.51169095 -.00162025  12479-4 -25962-3 0  9995
2 68153  97.2788  98.0760 0002614  12.6003 347.5342 16.03506250   951
STARLINK-36241          
1 68154U 26049N   26078.51098387 -.00136495  95698-5 -21485-3 0  9994
2 68154  97.2787  98.0764 0002702  13.1240 347.0110 16.03790974   958
STARLINK-37048          
1 68155U 26049P   26078.32317889  .00101037  66606-5  15061-3 0  9997
2 68155  97.2786  97.8732 0002251 149.8692 210.2719 16.04907380   922
STARLINK-36313          
1 68156U 26049Q   26078.51069617 -.00172305  13864-4 -26937-3 0  9991
2 68156  97.2787  98.0771 0002314   1.4479 358.6808 16.03927223   952
STARLINK-37064          
1 68157U 26049R   26078.51127920 -.00144348  10411-4 -22898-3 0  9997
2 68157  97.2784  98.0764 0002238 357.8304   2.2966 16.03667729   951
STARLINK-37069          
1 68158U 26049S   26078.50941725  .01093981  68408-3  14785-2 0  9992
2 68158  97.2784  98.0788 0001368   7.2640 352.8662 16.06600253   959
STARLINK-37053          
1 68159U 26049T   26078.32241881  .00065181  41103-5  95454-4 0  9998
2 68159  97.2784  97.8738 0002531 141.0873 219.0591 16.05261971   921
STARLINK-36306          
1 68160U 26049U   26078.50927702 -.00201573  18201-4 -30344-3 0  9990
2 68160  97.2782  98.0789 0002364  13.0399 347.0943 16.04569636   959
STARLINK-37057          
1 68161U 26049V   26079.82223327 -.00764003  19799-3 -15396-2 0  9992
2 68161  97.2774  99.5066 0000516  61.6825 298.4505 15.99652779  1166
STARLINK-37013          
1 68162U 26049W   26080.69511024 -.00432164  66806-4 -96710-3 0  9996
2 68162  97.2751 100.4630 0002419 181.7796 178.3473 15.97720878  1306
STARLINK-36958          
1 68163U 26049X   26080.82196290 -.00746686  18327-3 -17840-2 0  9993
2 68163  97.2737 100.5959 0001991 109.9976 250.1515 15.96566451  1324
STARLINK-37002          
1 68164U 26049Y   26079.82054813 -.00481185  84172-4 -92966-3 0  9991
2 68164  97.2773  99.5096 0000568 170.3743 189.7546 16.00359997  1161
STARLINK-36971          
1 68165U 26049Z   26080.38249057 -.01621138  80041-3 -32496-2 0  9997
2 68165  97.2764 100.1226 0008221 134.8506 225.3442 15.99800071  1255
STARLINK-36273          
1 68166U 26049AA  26079.75630469 -.00306844  36957-4 -56287-3 0  9994
2 68166  97.2750  99.4439 0000648 211.7263 148.3977 16.01239572  1159
STARLINK-36969          
1 68167U 26050A   26078.57016830 -.00762286  19812-3 -16788-2 0  9993
2 68167  53.1618 232.5443 0000488 318.1927  41.9065 15.97343210  2033
STARLINK-36984          
1 68168U 26050B   26078.56997631 -.00752821  19400-3 -16463-2 0  9997
2 68168  53.1620 232.5441 0000565 333.0752  27.0248 15.97468217  2036
STARLINK-37077          
1 68169U 26050C   26078.56974941 -.00740191  18853-3 -16046-2 0  9992
2 68169  53.1619 232.5425 0000745 335.0992  25.0002 15.97622802  2033
STARLINK-37003          
1 68170U 26050D   26078.56952426 -.00716345  17815-3 -15382-2 0  9991
2 68170  53.1620 232.5407 0000461 327.9149  32.1853 15.97788708  2037
STARLINK-37034          
1 68171U 26050E   26078.56928901 -.00745719  19165-3 -15903-2 0  9999
2 68171  53.1619 232.5395 0000585 340.0636  20.0371 15.97919140  2033
STARLINK-37031          
1 68172U 26050F   26078.56904187 -.00746879  19250-3 -15788-2 0  9994
2 68172  53.1620 232.5378 0000458 346.3779  13.7239 15.98076782  2032
STARLINK-37076          
1 68173U 26050G   26078.50625542 -.00864982  25162-3 -17873-2 0  9996
2 68173  53.1615 232.8571 0000645 359.7564   0.3466 15.98507778  2020
STARLINK-37078          
1 68174U 26050H   26078.56858123 -.00805867  22125-3 -16768-2 0  9991
2 68174  53.1617 232.5342 0000261  74.2706 285.8353 15.98372202  2035
STARLINK-36886          
1 68175U 26050J   26078.56836353 -.00726912  18427-3 -14987-2 0  9997
2 68175  53.1618 232.5329 0000812 328.5582  31.5400 15.98517353  2038
STARLINK-36905          
1 68176U 26050K   26078.56812124 -.00710734  17733-3 -14521-2 0  9996
2 68176  53.1619 232.5315 0000718 321.9812  38.1167 15.98675796  2032
STARLINK-36668          
1 68177U 26050L   26078.56786617 -.00720821  18212-3 -14604-2 0  9997
2 68177  53.1621 232.5297 0000696 333.7333  26.3662 15.98826248  2038
STARLINK-36677          
1 68178U 26050M   26078.56764237 -.00929161  28745-3 -18795-2 0  9997
2 68178  53.1619 232.5274 0000919  18.8959 341.2106 15.98898420  2037
STARLINK-37052          
1 68179U 26050N   26078.56738279 -.00666179  15892-3 -13225-2 0  9994
2 68179  53.1613 232.5262 0000847 251.3193 108.7745 15.99173693  2037
STARLINK-37035          
1 68180U 26050P   26078.56718619 -.00690810  16965-3 -13647-2 0  9991
2 68180  53.1621 232.5248 0000593 324.9508  35.1483 15.99266404  2032
STARLINK-37032          
1 68181U 26050Q   26078.56692649 -.00700217  17407-3 -13712-2 0  9994
2 68181  53.1621 232.5236 0000799 332.8854  27.2135 15.99422141  2038
STARLINK-37082          
1 68182U 26050R   26078.56668515 -.00691167  17038-3 -13413-2 0  9991
2 68182  53.1619 232.5220 0000964 324.6980  35.3987 15.99579072  2033
STARLINK-37102          
1 68183U 26050S   26078.56647828 -.00683018  16706-3 -13158-2 0  9999
2 68183  53.1620 232.5205 0000831 338.3120  21.7875 15.99705953  2034
STARLINK-36964          
1 68184U 26050T   26078.56625431 -.00664681  15944-3 -12697-2 0  9991
2 68184  53.1619 232.5189 0000643 330.0119  30.0875 15.99849090  2036
STARLINK-37061          
1 68185U 26050U   26078.56605935 -.00873020  25966-3 -16679-2 0  9997
2 68185  53.1616 232.5178 0000687  57.4494 302.6603 15.99892771  2037
STARLINK-37079          
1 68186U 26050V   26078.56582144 -.00680419  16664-3 -12815-2 0  9995
2 68186  53.1620 232.5158 0001058 326.7573  33.3392 16.00099925  2030
STARLINK-37006          
1 68187U 26050W   26078.56557438 -.00682857  16797-3 -12753-2 0  9990
2 68187  53.1620 232.5147 0000720 325.8020  34.2964 16.00247413  2033
STARLINK-36340          
1 68188U 26050X   26078.56537335 -.00691967  17220-3 -12834-2 0  9999
2 68188  53.1619 232.5131 0000884 330.3319  29.7662 16.00370058  1932
STARLINK-36305          
1 68189U 26050Y   26078.56515448 -.00680572  16745-3 -12521-2 0  9995
2 68189  53.1619 232.5118 0000664 330.0991  30.0002 16.00507461  1930
STARLINK-37071          
1 68190U 26050Z   26078.56469545 -.00685813  17028-3 -12410-2 0  9998
2 68190  53.1620 232.5085 0000787 120.8561 239.2548 16.00795573  2034
STARLINK-37091          
1 68191U 26050AA  26078.56446108 -.00661998  16019-3 -11877-2 0  9992
2 68191  53.1618 232.5067 0000718 334.0180  26.0815 16.00938134  2033
STARLINK-37098          
1 68192U 26050AB  26078.56422956 -.00678632  16763-3 -12086-2 0  9990
2 68192  53.1618 232.5054 0000647 327.3796  32.7195 16.01069674  2039
STARLINK-37090          
1 68193U 26050AC  26078.56374858 -.00651387  15641-3 -11396-2 0  9993
2 68193  53.1621 232.5012 0000711 333.6069  26.4927 16.01369308  2033
STARLINK-37093          
1 68194U 26050AD  26078.56490579 -.00668674  16258-3 -12185-2 0  9992
2 68194  53.1623 232.5098 0001079 125.0257 235.0876 16.00670231  2030
STARLINK-37058          
1 68195U 26050AE  26078.31433581 -.00749084  20203-3 -12605-2 0  9993
2 68195  53.1616 233.7917 0002524 340.0442  20.0490 16.02049525   431
YAOGAN-50 02            
1 68196U 26051A   26079.00002888  .00000241  00000+0  28234-4 0  9993
2 68196 141.9942 256.6193 0085589 153.1893 207.3280 14.02354822   631
CZ-6A R/B               
1 68197U 26051B   26082.22317415  .00001301  00000+0  17538-3 0  9999
2 68197 142.0319 275.9090 0185981 147.7671 213.4571 14.56364201  1130
2026-052A               
1 68198U 26052A   26082.24280771  .00008126  00000+0  50446-3 0  9994
2 68198  97.5365 158.3805 0012623 238.9731 121.0259 15.09892258  1073
YUXING-3 06             
1 68199U 26052B   26082.24208275  .00005679  00000+0  35258-3 0  9998
2 68199  97.5369 158.3809 0011721 240.2858 119.7205 15.10027221  1073
2026-052C               
1 68200U 26052C   26082.24145529  .00005766  00000+0  35668-3 0  9995
2 68200  97.5363 158.3826 0011462 243.0506 116.9553 15.10159198  1065
2026-052D               
1 68201U 26052D   26082.17448606  .00016184  00000+0  98770-3 0  9999
2 68201  97.5345 158.3130 0010623 243.8917 116.1220 15.10349642  1064
2026-052E               
1 68202U 26052E   26082.10822248  .00007223  00000+0  44377-3 0  9999
2 68202  97.5365 158.2509 0010542 240.2924 119.7257 15.10329913  1052
2026-052F               
1 68203U 26052F   26082.23955699  .00007946  00000+0  48436-3 0  9993
2 68203  97.5358 158.3882 0009772 235.5017 124.5290 15.10588747  1078
2026-052G               
1 68204U 26052G   26082.23932551  .00008447  00000+0  51400-3 0  9998
2 68204  97.5370 158.3828 0009370 238.6486 121.3827 15.10637138  1071
KZ-11 R/B               
1 68205U 26052H   26082.24383749  .00035670  19180-5  53002-3 0  9992
2 68205  97.3415 158.1238 0547918 350.1283   8.9492 14.66897104  1049
2026-052J               
1 68206U 26052J   26082.24291537  .00062308  23223-5  91260-3 0  9995
2 68206  97.3418 158.1246 0546492 350.2022   8.8856 14.67354235  1047
TEN-KOH 2               
1 68261U 25241B   26082.14044287  .00011434  00000+0  49807-3 0  9998
2 68261  51.6363   8.9067 0004452 202.8733 157.2047 15.22634238  1798
PROGRESS-MS 33          
1 68319U 26058A   26082.05109224  .00200487  28256-4  35870-3 0  9993
2 68319  51.6358   6.8873 0011621 152.2903 207.8729 16.01170532    69
SL-4 R/B                
1 68320U 26058B   26082.28978412  .04278470  12204-4  73957-3 0  9998
2 68320  51.6527   5.5513 0018976  76.1047 284.2086 16.31507626   133
