ISS (ZARYA)             
1 25544U 98067A   26086.13218663  .00012923  00000+0  24583-3 0  9993
2 25544  51.6343 346.1324 0006239 237.1062 122.9326 15.48575012559033
POISK                   
1 36086U 09060A   26086.13218663  .00012923  00000+0  24583-3 0  9991
2 36086  51.6343 346.1324 0006239 237.1062 122.9326 15.48575012558811
CSS (TIANHE)            
1 48274U 21035A   26085.98832941  .00022978  00000+0  26344-3 0  9990
2 48274  41.4668 102.8341 0004228  32.9818 327.1284 15.61535723280311
ISS (NAUKA)             
1 49044U 21066A   26086.13218663  .00012923  00000+0  24583-3 0  9999
2 49044  51.6343 346.1324 0006239 237.1062 122.9326 15.48575012558853
FREGAT DEB              
1 49271U 11037PF  26085.84634023  .00010762  00000+0  15290-1 0  9999
2 49271  51.6481 249.2403 0962037  98.7334 272.3546 12.40708972214821
CSS (WENTIAN)           
1 53239U 22085A   26085.98832941  .00022978  00000+0  26344-3 0  9993
2 53239  41.4668 102.8341 0004228  32.9818 327.1284 15.61535723280420
CSS (MENGTIAN)          
1 54216U 22143A   26085.98832941  .00022978  00000+0  26344-3 0  9994
2 54216  41.4668 102.8341 0004228  32.9818 327.1284 15.61535723280426
TIANZHOU-9              
1 64786U 25149A   26085.98832941  .00022978  00000+0  26344-3 0  9996
2 64786  41.4668 102.8341 0004228  32.9818 327.1284 15.61535723280429
PROGRESS-MS 32          
1 65586U 25204A   26085.80952179  .00012890  00000+0  24531-3 0  9992
2 65586  51.6341 347.7277 0006205 236.0994 123.9405 15.48566257554507
YOTSUBA-KULOVER         
1 65941U 98067XN  26086.04482611  .00355238  57819-4  11631-2 0  9997
2 65941  51.6189 326.6887 0005414 198.9567 161.1238 15.90043660 26257
BOTAN                   
1 65943U 98067XQ  26086.05513729  .00345008  00000+0  11239-2 0  9998
2 65943  51.6224 326.7819 0005961 197.3803 162.6999 15.89224522 26254
HRC MONOBLOCK CAMERA    
1 66052U 98067XR  26086.08960294  .00054777  00000+0  56983-3 0  9992
2 66052  51.6290 337.5948 0003822 173.3249 186.7798 15.64031845 25119
HTV-X1                  
1 66174U 25241A   26086.19224939  .00002554  00000+0  92026-4 0  9997
2 66174  51.6383 348.7349 0007369 239.1193 120.9064 15.32420642 23627
SZ-21 MODULE            
1 66515U 25246C   26086.06581700  .00040530  00000+0  33003-3 0  9994
2 66515  41.4743  96.2882 0001339 209.1710 150.9058 15.69868373 20803
SHENZHOU-22             
1 66645U 25272A   26085.98832941  .00022978  00000+0  26344-3 0  9999
2 66645  41.4668 102.8341 0004228  32.9818 327.1284 15.61535723280425
SOYUZ-MS 28             
1 66664U 25275A   26086.13218663  .00012923  00000+0  24583-3 0  9992
2 66664  51.6343 346.1324 0006239 237.1062 122.9326 15.48575012559097
DUPLEX                  
1 66906U 98067XS  26085.98244278  .00043353  00000+0  58535-3 0  9998
2 66906  51.6310 342.8841 0003273 185.9193 174.1760 15.57326694 17828
ISS OBJECT XT           
1 66907U 98067XT  26086.06187320  .00219962  00000+0  13800-2 0  9999
2 66907  51.6250 336.6305 0005739 192.2616 167.8244 15.75548676 17910
ISS OBJECT XU           
1 66908U 98067XU  26086.05835701  .00230149  00000+0  14272-2 0  9996
2 66908  51.6238 336.6028 0005927 191.8620 168.2241 15.75783311 17917
SILVERSAT               
1 66909U 98067XV  26086.08110740  .00319643  00000+0  15698-2 0  9999
2 66909  51.6220 335.2430 0006734 198.1524 161.9239 15.80729588 17932
ISS OBJECT XW           
1 66910U 98067XW  26086.06742865  .00194306  00000+0  12968-2 0  9992
2 66910  51.6237 336.6606 0006161 190.5298 169.5573 15.74199990 17914
ISS OBJECT XX           
1 66911U 98067XX  26086.09273925  .00470858  00000+0  16974-2 0  9992
2 66911  51.6197 333.7874 0008390 202.2117 157.8525 15.86861499 17945
ISS OBJECT XY           
1 66912U 98067XY  26086.07333693  .00112875  00000+0  10222-2 0  9992
2 66912  51.6273 338.9792 0004189 189.6514 170.4402 15.67194641 17872
KNACKSAT-2              
1 67683U 98067XZ  26085.97818081  .00042420  00000+0  66435-3 0  9991
2 67683  51.6326 345.8555 0009919 248.4821 111.5112 15.53246131  7478
CORAL                   
1 67684U 98067YA  26086.10770135  .00096256  00000+0  12827-2 0  9996
2 67684  51.6314 344.4708 0012570 238.1996 121.7773 15.57249768  7500
GXIBA-1                 
1 67685U 98067YB  26085.96881885  .00046603  00000+0  71441-3 0  9994
2 67685  51.6322 345.7931 0011841 245.2772 114.6986 15.53770911  7471
UITMSAT-2               
1 67686U 98067YC  26086.08387617  .00061183  00000+0  90429-3 0  9990
2 67686  51.6322 345.0642 0008967 216.5777 143.4602 15.54689548  7498
HMU-SAT2                
1 67687U 98067YD  26085.97344486  .00047602  00000+0  73714-3 0  9993
2 67687  51.6328 345.8268 0008474 219.6205 140.4167 15.53521271  7399
LEOPARD                 
1 67688U 98067YE  26086.09006898  .00052925  00000+0  79602-3 0  9996
2 67688  51.6328 345.1054 0008650 217.3181 142.7210 15.54275853  7410
CREW DRAGON 12          
1 67796U 26031A   26086.13218663  .00012923  00000+0  24583-3 0  9990
2 67796  51.6343 346.1324 0006239 237.1062 122.9326 15.48575012558970
PROGRESS-MS 33          
1 68319U 26058A   26086.13218663  .00012923  00000+0  24583-3 0  9991
2 68319  51.6343 346.1324 0006239 237.1062 122.9326 15.48575012   480
